3002
538
-8539
-21868
-13593
43
-26447
-39881
-55085
2311
-22618
4424
-56331
-14249
-18987
-27948
4108
-26738
-42244
-61772
-48827
-3954
-40207
155
-63598
299
1271
-17154
2301
-60532
82
-28637
128
-17382
-45583
1013
-47284
-42455
1863
-37255
-34914
-30809
-39329
-11147
-19978
-33431
24
-28101
-14765
-28444
4628
-22466
-20875
893
-53374
-13586
-47942
-59927
961
-51158
-39925
-24332
-45512
-31857
-15782
1018
-23632
-64060
-7087
1316
-50630
-49742
-16450
-33456
-1119
3
-60298
1474
-33211
-8963
-3198
-48042
782
-38592
-34425
-10428
-53533
4042
-46029
479
293
-41603
-37441
-30459
-13392
-1474
-46135
4902
-20799
-51233
2844
-40177
-25816
-2109
8752
-23763
-44471
-21733
-51688
121
-36891
-33376
150
-12656
-3562
-51188
62
-59673
-47086
-8469
-46973
8596
-50970
-18048
-19674
-16675
-39572
1800
-25110
-11892
-38276
-8017
-10691
-23719
3163
-28245
-17862
-13150
-6214
-57582
-62439
-54153
-4004
-30797
-42766
5760
-36788
-34157
2836
-60910
4072
-32509
-9575
-16974
4659
-54698
-3032
-11574
-9277
-37067
1472
-738
-29688
-39840
-17160
-18531
-35154
34
3211
-54739
12106
-55434
-52245
-653
-60759
5657
-58607
6295
-2849
-54932
-94
-16014
-55690
-10237
-63848
173
-48066
-61859
13595
-41808
-19163
26
-24662
-32239
11050
-57632
-37581
40
-14149
-57166
-32010
602
-16268
6189
-58626
-3719
-8113
2
-25470
-29384
-3922
-51846
-38404
-33387
-3699
-52515
-10341
-46427
14
-29992
1915
-15174
-58986
5
-46585
3543
-37681
0
-29818
-33332
643
-48251
-28656
-35666
-18903
-9491
4670
-62430
-14502
-48873
-11261
-13721
-41782
19
-47156
5030
354
-3941
-44828
-18669
-15483
-6512
1371
284
-5494
-33112
-26868
-27330
-12832
11
-45283
-20400
5548
-64494
-4822
-26258
-33872
-2173
-19162
-11458
-14231
-415
-20757
-1060
-65616
360
-54444
-17924
-174
-1139
-22651
-2717
-29409
-29497
-54549
-7531
-32462
-15131
-55785
4447
1362
80
-6935
-17810
-40280
-40
-23994
-31668
8046
-1362
-40944
-11391
-38912
6403
-34587
-46821
-8449
38
-9823
-13150
-45300
400
-4914
-9420
-40788
-3369
-41299
-5646
-21585
-39594
2
-47264
-27368
-36928
-52682
-16444
-25111
-27972
-39797
-10679
-17605
-52662
13983
-34030
-18407
-41417
-27780
-44620
-19846
7557
-16784
-42162
6508
-41670
359
-47015
2913
-39604
-31395
-26248
-30980
-50690
1803
-36990
-56053
5940
-50014
6171
-30944
-9084
-57299
-24485
1329
-37849
-23962
515
-58862
-2764
-40398
-3372
-57259
509
278
-50868
11314
-155
-18733
-53313
1519
-20976
-9027
-24335
-28523
3126
-58485
-15100
74
-18035
-23078
1612
668
-60129
-34284
-16219
-25501
-19122
-7279
-49271
-10654
-25950
-40421
-1725
-27304
-56977
163
3719
-58026
4593
-15439
940
-33535
-41387
2226
-11035
1599
-52752
-14201
-29105
-24455
-34010
6036
-50319
-19149
-30174
1778
-49361
-53950
11350
-11890
-14238
20
-37524
-33706
-3930
-27953
-32913
-17574
-26534
-17967
-47948
-5002
-26408
-26373
-34530
5645
-44127
-13581
-56714
327
-42180
-8760
-23598
1798
-15586
-41925
-1466
-53417
2742
-50624
-45716
-38604
-28751
-48189
-31426
10620
-43548
1478
-10415
-9166
-1009
-44030
-20594
-25895
1032
-45425
-28248
-15680
-47527
85
-20009
-55776
-28522
736
-35215
-18715
-34336
1581
-29602
-60102
-26930
449
-35665
5277
-13609
-1165
-39172
-25638
-1236
-48594
-39380
-29458
-32717
-27632
-41916
565
-32886
-33924
-22840
930
-43447
109
-47967
5942
-43358
-11045
-28871
5050
33
-65659
-27319
7865
-28680
-11088
-60431
7958
-51358
-57566
-13110
-37429
-34657
-52715
85
-4253
-56399
3073
-25437
-35393
-34455
-24108
-7628
1210
-26703
524
-56014
-7268
-61543
-56978
369
-42790
-35026
-5826
-11042
-50347
-52062
-7554
-21274
-35509
-6660
431
-40353
16
-56412
17888
-1743
-64376
-47700
8560
-29352
-30261
-18235
-39733
-47597
20712
-31423
-43021
-36364
-29729
-8606
-34129
37
-31592
-29666
9404
-58706
704
-44474
4343
-41947
-15943
-60121
-11856
14
2054
-16528
-24742
-41135
-7650
-55620
5701
-13203
-4734
-26789
-14583
-50058
-10263
-11444
-23061
221
-24971
-51991
8036
-42946
-54490
-27214
-22193
359
-30643
-30628
-45606
-30427
-19508
571
-60010
-8402
-33560
-38312
-37548
455
-28256
-11992
-23231
-46444
-15975
-61546
-17743
1140
-33360
5578
-30699
-48618
-27373
-26833
11
-34570
-23620
-34171
-31822
-42712
4406
-60345
15286
-16791
-37084
-21287
279
-44589
-32450
-39492
-28798
-22089
-43438
-16540
-4415
-2472
-51826
-51818
-36718
-9358
-8357
-13825
-8690
-32304
-7298
-58861
18
-38724
2225
-54912
-32319
-49381
-36883
-34754
1784
-55052
3184
-8504
-36791
0
122
-23640
-24199
-19859
-27887
454
-40240
-46087
-53272
714
-49967
-16869
-3214
-52494
3197
-22629
-7089
-1239
-29564
-10191
-35898
-7452
329
-38185
-17578
-24518
-41253
-28202
-11230
-13284
-2572
-24516
1859
-10087
-50810
98
-32554
5065
2646
-42249
-9614
6
-6287
-33268
4
-36114
-16377
-11209
-25047
-6459
-15683
-60006
17544
-29369
-43293
8324
-58776
10931
8
-28924
-26613
-28632
4503
-32691
0
-47962
2013
764
1707
-11064
-16477
-48998
-30877
-1249
-23375
-34107
-13230
-39207
1170
-31826
3410
-52394
-25964
-29225
-42636
1296
-27858
918
-40853
893
-35096
-54936
10140
-33042
1282
-23709
-10127
-33716
-16586
846
-2442
-23408
-42730
1115
-57964
-13940
-5907
-21218
-42975
-23244
11283
-16385
-10756
-26890
-53152
-23014
3378
-60451
-3299
-22102
8689
-31072
-2106
-25385
-3707
261
-60923
13818
-736
-7956
-45334
-18103
-10460
354
-3507
-55658
-7799
-49099
11933
-62277
-14536
-47513
-33755
-17261
-1982
-35724
-51334
-14217
-20036
1248
-33481
-31445
-25238
-3621
-6274
320
-53617
-15212
-23355
-51958
782
-47472
2902
-40470
267
-19228
-33916
8399
-27732
909
-22589
-41652
-6958
-33887
7039
-25409
10053
-36192
4
-3308
-42728
250
-41353
4891
-43428
-19238
-25957
-17633
-53440
6647
-20573
-34197
-33767
382
-37878
-8203
-42814
-38717
7374
-58348
20
433
-30964
-5933
-23418
-46003
-19794
-37417
-15839
505
-58480
0
1133
-53545
-47781
2882
-32903
-18111
2805
-51461
-49014
6456
-50808
-39225
-7069
-23021
-45204
4300
-10918
-61757
-19635
-35433
-9658
-41346
-28297
-16342
-43463
-40802
-15096
-42147
4880
-4831
-2357
-27546
-41494
3243
-8604
-42212
-23115
226
-4356
-28676
-26687
-40707
-39587
-22446
791
-368
-52554
-32850
-49206
-33072
-22963
-20744
-24858
-14438
-26530
-892
-52310
1443
-37328
-19527
9562
-29693
-34286
-55458
838
-54079
-3441
512
-30143
-17464
-5272
-40969
-18702
-24899
152
-41852
-45573
-32526
-12351
-36918
-7768
-31246
-43428
-7948
-59747
336
-47673
-15297
-43544
673
-18685
-13393
-48928
1373
-57412
-14081
271
1467
-63337
5746
3217
-53911
6773
-6307
-28266
1068
26
-37250
3256
-49366
-28976
-21216
4
-49605
-24294
-26205
203
-34162
-56783
-12200
-16733
285
-30509
-12617
-17377
-9206
-38091
-8843
-43130
-15497
-17270
-56759
-6645
-22756
-51418
679
34
-54472
9053
-53091
2539
40
362
-29407
-57380
362
-60113
-23042
2759
-56476
2762
-15242
-48101
-26172
310
-50461
2312
-35312
-57120
-5271
261
-32405
2930
-65961
2510
-18447
1600
-7349
-5381
31
-22122
-10160
1042
-60402
470
-31909
-27996
-8635
-65577
41
-22742
-28577
-11198
3313
-14901
-24305
-49414
0
-30753
-34755
7327
3385
-2441
-30830
-15472
1345
-23299
-38302
-7335
-14486
-40454
-12437
-52611
877
-20704
-715
11
-2419
-61221
-34825
45
-20194
-55068
640
-56426
-51348
-23840
-20468
-31375
-37526
5
-25255
-22323
-28266
-28434
-46935
1323
-243
-52179
-187
-30470
-11441
-60718
19048
-45623
2502
-9602
-34653
-24753
1215
899
-5035
-42078
-25582
-44006
-34195
-20533
-33417
13557
-53367
-61757
784
-48268
-35521
1839
-45217
-35542
-63036
150
-47799
-16189
174
-61450
-41325
-28123
168
-65503
-27634
23
-8469
-37108
-55094
12966
-51024
4970
-7435
-33271
-7517
-48476
-46470
4997
156
-32340
-17589
-17375
-37910
-14377
-50403
-781
-4296
-38428
409
-50123
3667
-22677
-14019
-58399
-25872
-21914
-16695
-25824
-33079
-53848
-12549
-40457
219
-12053
-50150
6078
-33358
4950
-3493
-15197
-19651
-52844
0
-25728
-39246
-56758
8449
-51131
8576
-33816
-38983
-31347
-48550
-33044
-30687
-12832
-11187
-13891
-29318
-30655
-3264
-50047
-53755
-5983
13993
-39533
451
-31301
702
-17307
-46746
-47694
-56975
-2499
-48472
-31721
-39272
-41358
-4039
-14991
50
-35349
123
-850
-6274
-48081
-24731
1755
-10890
-27746
-2593
-60466
-43327
-5629
-43597
-5274
1553
-24092
-30896
-39758
2322
-8478
-26069
-47403
698
-25568
-44219
-31609
1727
-63553
-7638
-37636
3423
-62913
-22605
-20560
149
-27249
-39287
-42011
-55020
85
-26476
-7231
-23448
-52155
762
3023
-10472
-16448
-34133
-18508
-39716
8867
-43749
-55705
9039
-40012
-22807
-3177
-41869
-12420
-42251
-37380
-7500
751
-64921
997
-45175
-7116
-9083
-49759
-2337
-61084
-756
155
-33297
-54626
1700
-17611
924
2
-23829
-57902
-3244
4448
-63784
-52891
1
-4626
673
-64393
-34048
-19648
9348
-43587
26
-27362
-3414
-25650
-12994
-21736
-38346
-26019
12008
-235
-33806
1335
-52256
6266
-13021
-61160
-16907
-5289
-3246
-4616
-24753
-23513
254
-24987
-30619
-20965
-43148
2214
-37931
-39988
5081
-52682
2408
-39495
-18914
9894
-42235
13
-23138
-3163
-31019
2787
-7711
-56133
1958
-47401
-11837
-9792
-7858
-25264
-61904
4522
-55186
-12672
-38397
1688
65
-20644
-57356
1829
-32764
-28976
-20682
-24825
-33195
-1159
976
-34597
-20368
1702
-13855
-44821
210
-43741
36
-31192
492
-19029
-30982
303
-14681
-5199
-52703
-3341
-59104
-60919
-22847
-13662
-38878
-55188
-35711
929
136
-56010
8668
-31808
-33364
-58766
1118
-10700
-36242
7113
0
-61300
347
2
-47020
3389
0
-52232
-33419
2031
-21844
-25863
6016
-45989
-19025
-3179
-9888
-41501
-6146
-56534
4958
-44738
78
90
-49465
3378
-60612
8295
-15147
-44752
-3851
-10417
508
-57944
8084
-5917
-23584
-5723
-44152
-40842
-25468
1628
-44558
8310
-29320
-37326
-24766
-23973
-7947
-49040
858
-45952
-22747
0
-55185
-405
-24945
5411
-32986
-16078
-31545
-17803
-11478
-52166
119
844
-18348
450
0
-35250
-25866
-58660
2380
1315
-44024
-17212
-37726
336
-42234
197
-10922
-25216
-50926
-57888
-43529
-8702
-51455
-48094
8917
-12964
-46428
-38982
-6037
-41221
-21120
-5966
-47588
6761
-56928
4441
-22831
564
-14732
-51141
-21000
-21514
-28717
-31995
-23443
-48224
2992
-34118
11
-8050
72
-3567
287
-45858
2624
-49636
-7323
-48187
773
-46440
-7205
-5256
-14035
-4233
-50962
1669
-50531
8734
-54691
-21649
-1062
-51342
55
-8915
-24318
36
-12398
66
324
-48556
-29395
600
-41265
-26811
270
-21446
-58386
3456
-54701
7643
-50403
5381
-28887
223
-42807
-9138
-51078
15504
-10662
-24697
115
-23450
-55103
2284
-64103
-11507
25
-62803
-26168
-56524
229
-44063
-23538
-29119
-37735
-22957
895
-59844
-30150
2541
-39930
-13140
-9006
-10565
124
-65682
84
4261
-33781
708
-50098
-34321
-30112
3995
-51409
-53785
-39581
-41589
-1417
-5064
-46335
-37242
-34047
3451
0
-14553
-7851
-41463
-29879
-9023
-17563
-34849
-12621
244
-42733
1823
-35599
-7835
-21955
-23658
273
-59347
4834
-29931
-37653
-30906
292
345
-65755
7018
420
-65905
616
-17624
-10804
-50282
2444
-55048
10738
-26374
-28695
-23013
48
-12024
-10919
85
-16704
-4384
-40580
-11438
-25962
-41469
-17304
1640
-12694
-44643
-39330
-57057
-33952
-23126
7995
-9178
-29439
-44342
851
-397
-51727
-14459
-52281
-1346
-17465
-39351
-45673
-54622
-26553
-9951
-59539
348
-41290
-20132
-38376
-23578
-13376
1169
-41905
125
-10588
1784
-28627
1581
-15578
-32813
-15310
-33791
-10739
285
-53217
2321
395
-49302
-39597
-21988
-40937
-48174
-38554
0
1727
-26485
-48719
32
-2845
-12944
-42757
9790
-57060
-32591
-62012
-21852
-45887
-15838
-7205
-60097
5344
-49088
-27551
-18062
71
-56274
-56921
-32180
2990
-4295
-7570
-46282
-45261
-17657
-5484
-29350
-14365
-22053
3948
-40994
-18249
-23063
-30594
-27220
-4158
-55070
6988
-63351
-43214
-38222
510
-6830
-55177
-25152
270
-31158
-59714
-226
-30403
-48127
-51126
-33733
17753
-25973
-28387
-48462
-15210
-40900
-13139
-38812
4294
-38442
-35999
17443
-17904
-36028
-52759
-846
-38412
-18393
2110
-1660
-42643
837
-8337
375
-57973
-11454
-1901
-30917
-30037
-2800
-9066
-30759
185
-19889
-12702
-38820
672
-48504
-34878
-36748
-14402
-12357
175
-3306
-45708
6282
-61708
-7848
-35382
35
0
177
-13218
-4291
-33412
4
-14085
-37506
-41009
2222
-48757
-27515
-43714
1345
-17743
253
-34459
-32577
109
-41442
-39042
-15817
-17107
0
-17079
-6818
-19274
-21749
-51
-39574
-34512
-17569
2
-35985
-36719
-38808
4783
-24598
-31809
-16585
5
-1605
-11374
-31727
-29007
-7805
-46616
-53490
8169
-41956
-23298
14749
-36010
-4409
-29172
223
-34429
6386
-58203
10
-294
-31185
-31904
2392
1842
-55029
1100
-27693
-54648
2772
-25982
-10355
757
-51809
4398
-35651
362
-27174
-62238
-41959
-58614
-50789
-25402
-17402
-37913
-41648
8861
-50727
-6963
-55108
1528
-35303
-57885
9318
-56333
-4032
-28533
-17798
-50423
-738
-52
-47509
-22952
-38724
-35765
1106
-29823
-14851
-25669
-37327
-22392
1001
-3903
-59500
-31479
-4853
-6627
-57872
-9285
-41740
402
89
-17281
-45780
1246
2903
-46944
-24628
-29725
-18452
-57610
8839
-65338
3649
-11500
-30289
-27618
7736
-46795
-27584
-36443
1166
-14657
-17198
-22094
-32809
-25194
-7502
-47471
389
-33871
-33862
-455
-9973
-27758
-45052
1704
-13372
112
-9267
-39868
3015
0
-6510
-17802
-30974
-50500
-14159
-3413
3042
-23346
-24095
128
-34450
-34341
-49650
155
-6461
-62125
5033
-54605
1156
-15631
-17314
-21865
-60760
4337
-12989
-15236
-19216
177
-27792
1408
-53005
-36845
-44567
-17391
-28499
-30120
-26122
1878
-42728
21
-10996
-54074
-8986
-48758
1637
-63995
9445
-51318
13541
-5444
-27303
-44994
-10248
-22784
-10429
-38444
-20825
-24524
-25793
-22815
-6999
137
-46668
9116
53
-2192
-48193
-13234
-22799
-40944
-26675
2701
-60790
324
-44751
330
-58667
8744
-30930
-38102
32
-29507
-66981
-29391
10263
-22831
-31040
-17737
-2085
36
-24798
-35936
2911
893
-1903
-55240
2149
-9389
-2296
-50628
10115
334
-4188
-52472
3321
-43465
2989
-11961
-9164
2939
-27026
-10404
33
-31117
-24852
-9303
-1684
-59186
3101
-16343
-51365
341
1689
-47574
701
-44866
1408
-18074
-10582
-45249
-29886
-51546
-1322
-21489
-33066
3424
421
-39788
33
-50548
3
-17667
-34211
-46614
-5917
-5449
-29545
525
-19225
2138
-19117
-49334
-1944
-3508
-39119
96
-37250
-33786
-9764
-27844
1993
-20447
-10852
-29526
-43355
383
-25108
-45777
6140
-65071
-31766
126
64
-55302
1197
-51677
-57817
7251
461
-55501
-54820
-17567
-24358
-20950
-8489
-32613
-17874
-38732
312
-38699
2358
-31940
-12805
-34965
-54836
-18879
-24719
2030
-3097
-26804
-51738
6851
-49262
10378
-12829
-41303
-35110
-24384
828
-41169
-2693
-52318
-39608
-33829
299
-4947
-30017
-3376
435
-42389
-43257
1884
-43889
-50748
-33637
8799
-61418
-27738
-2026
-42403
6361
-48376
5660
-18796
-24570
-34135
-2163
78
-48051
-4254
-18654
-48226
-18059
-4837
-12073
2460
-29315
128
-34377
-44942
-6937
-56395
-53546
-16510
-17365
-38501
814
-42174
-24261
-10231
-12199
-49502
5457
-22711
-13890
-33326
-33790
1766
1177
-16931
-58450
8436
-2305
-40279
-43013
2481
-60014
551
193
-30839
-10349
-14712
-28873
1963
-7140
-18121
-40691
2557
-48756
4163
-50264
6294
-14964
-38756
-56948
18
-43362
1047
-5023
-36136
-13645
-12913
2
-23417
-44968
840
-47634
7231
-57220
-29427
448
-8012
-23987
-53761
-27283
-8969
-21398
-13831
-1158
-40713
-36671
-44448
-30723
-18784
-31527
-55942
-36339
-22125
-16445
-24023
-51297
-5536
-32250
-42998
4169
-1241
-11434
-62871
-14580
16
-49729
774
-62719
-47420
3273
-17814
-12741
-7231
52
-38791
859
-8887
-14410
-52223
949
-29920
-12522
-27227
-45838
12915
-58938
-7253
-16107
265
-14081
-9538
-32888
-30422
-15703
-10220
-59246
-16564
-18090
-21242
-33901
-4840
-24123
-25697
-11767
-44479
-17563
3465
-5894
-36276
3681
-59415
-27243
-54813
-6267
-45187
-52533
-4465
-19407
-16777
-54403
-28424
3903
-37742
-30201
6418
-30942
-14658
135
-59531
-46595
-41214
-24839
-61968
-15500
-10762
244
-17568
-51384
2312
-23895
5043
-62232
-12742
3271
-59096
4470
-6755
-37682
9725
-46533
-7448
-12467
-32433
3173
-51440
8803
-39492
4355
-30938
-48182
-28676
7097
-30648
-11778
-1521
-65033
747
-44088
-25864
-39314
-23701
-25244
-56676
-43973
1613
-54832
-15651
-20170
-13681
-27341
-11415
552
-55525
-13745
-56389
380
-3031
-7255
-11959
-16561
-14124
-51728
11456
-38165
-39967
-49361
1
-35991
-26337
-35332
-46870
1512
-39144
21
-26474
-41364
-32538
1403
40
1068
-56674
-42257
-35024
9272
-9518
-31282
-40577
-25091
-9721
-43779
-36600
-50026
-27423
-19287
-12953
-11286
-29193
9690
-28348
-38203
2219
-58214
-8200
-51152
1447
-11497
712
203
-18697
-41913
-32883
-40707
4601
-5832
-30278
-22651
-30500
-46429
29
-59835
-19060
-19656
-40012
-40468
4140
-50815
-6466
-16808
-56789
723
-56528
-31190
580
-44815
-3084
29
-39387
-27113
5138
-18090
246
-6386
-54465
-20954
-18145
-19541
1812
-41217
1261
-24179
-55798
19340
-16282
-44135
-11576
-12017
-24645
-39495
-20142
8478
-40099
-8125
-13781
-35917
1018
-25357
-24969
-40171
1278
-31245
-51989
1401
-49956
968
-43340
-23084
-14970
-59313
-21079
-30648
-61138
103
-33949
-35653
604
-3739
-21282
-56445
135
-9118
1603
-44828
4003
58
-4467
-15644
-4058
-33315
-4689
-3028
-39493
-61716
-35304
6444
-42384
3653
-49875
-36353
-52531
-20131
524
-34231
-39799
468
-35241
-45015
-44531
-17653
-52640
-25671
-8206
-57384
-15350
21
-50001
-26888
1452
-8482
-21792
-8111
-7984
-50914
1781
-50086
3457
-21320
-32263
-39036
-4799
-5499
-41633
-48043
3437
-54838
-5005
-31983
-5462
-57158
12
-6507
-26748
-19626
-21732
-30919
-21586
-42149
-20034
-2695
-62299
-43795
-12062
-37334
-25783
9277
-41097
-10391
-55156
16270
-59102
865
-36214
-42637
-30992
12853
-12707
3
0
5
-22720
-54429
-1020
-21525
-46512
2306
-17073
1007
-9261
170
-49097
-61280
7196
-44558
-36989
1939
7101
-20144
-31124
137
-40802
-16620
-13686
-21721
-50921
-34815
-16893
-46201
-47694
-3030
-56343
153
-5664
-43806
-9313
-44676
-20071
-51597
4225
-25470
-54898
-41931
5009
-48934
-55687
-33781
-43009
-50997
603
297
-8339
-8847
-57659
16954
-46588
6221
-23748
-45032
-34182
2451
3007
-14088
-22913
-17781
-2650
-26674
363
-12563
-37418
2486
-19041
4
-45900
5
-13916
-7130
-2467
-10924
-45931
-58715
-18172
-14806
4149
-51249
-4713
-33266
-22798
-15442
436
-52396
957
-466
-45940
-23259
-8639
-30776
-16950
220
-44819
-18927
-30415
-49684
6684
-41504
1337
-32238
-40310
1261
-53243
-4164
-52735
-4555
-8397
-26206
-19404
-5152
-56922
4454
79
-13742
-33502
-45982
-23826
823
-43762
-60452
918
-60659
566
-33457
-8623
-6008
-32029
-28116
-51422
278
-13532
-53326
3000
-6262
-37705
-60819
-24333
-9869
75
-37535
-37979
-43753
265
-3062
515
-5378
-30527
-14585
-4378
-41879
-33752
4251
-8074
-46618
-16658
-10531
-49431
10984
-4506
-37247
-26921
794
-50026
-14678
-25665
-27453
1277
-61238
6408
-45062
-38209
2423
-61359
10829
-66550
-55953
6750
-54079
-21434
3173
-60902
-1381
-45625
-47686
2446
-36873
-61577
-16480
-26465
-34161
-42719
-22878
4861
-5579
120
688
-37029
-3928
-1224
-48082
-39944
-10675
-2609
-21206
1631
-39742
-14693
-41269
8941
-37145
-9468
-39482
-51682
-11068
-41644
427
-7227
-8716
-23793
-154
144
-7659
-29884
-21527
-61790
5385
1118
-17018
-40560
-20455
-45640
-10044
-43365
-25238
66
-10411
180
-30825
-1648
-56382
923
-50077
7
-3567
-51837
-39266
491
-25266
-42420
-12711
-16702
-42257
-37461
-55643
-39647
-17744
-22381
-21620
-12007
-34302
-4776
-36165
-9972
-16889
-32589
-32312
-39197
-27211
-38405
1
-14811
-18259
-28042
27
-26206
977
-40230
-1115
-13950
-46796
2854
-7080
-11812
-47811
259
-42899
-2071
-39451
-45485
-59266
-50141
-28903
985
-48952
-38237
-18639
-2994
-15640
18
-30150
-25358
6557
-29774
72
-66883
4545
-8979
-58110
-46447
9569
-39200
3
-54133
-32191
-23735
-9868
-32386
524
-48110
276
-23267
-22018
-52824
8637
-55506
14044
-40372
-58492
-28304
-39866
-41622
-53963
748
546
-26878
-25995
1230
-43568
-21359
-57820
-32668
26
-51808
-22412
-34220
-49554
1819
-19497
-45193
-60533
2818
-29375
-54243
-34923
-16601
-48644
679
-17107
-32839
-2186
-120
-19627
-9086
-53762
11362
-57813
-14384
-47219
-37894
954
-18328
98
-46795
-2210
-705
-34156
-43013
-18476
-6444
-26756
-59941
77
-30171
317
-8963
-15838
-7031
-37230
-24528
-17469
-63358
-31952
12
-3597
84
-31281
-55595
-45708
-52110
-25402
-21189
-42131
17312
-61694
18017
-45194
-49217
-3671
-31234
-42787
1545
-43763
-22347
-22309
59
-50964
-13530
-3843
-17498
-32890
-38364
-27503
449
-40001
1898
-30874
-20516
2488
3
-62217
1073
433
-13190
-22984
-4008
-39335
-38361
-24674
588
3404
-51689
-30445
4201
-4025
-20078
-14797
-50431
4094
-4336
-21786
-686
-29229
-5833
-7830
-36321
-54494
-37960
-28102
-30426
-41523
5794
-7358
-40320
-10739
-27653
-54819
123
-17875
-65684
13481
-42973
-9807
892
-43647
2922
-38777
258
-57389
-38752
-32749
-58922
13501
-48012
2016
-33807
-9210
-23341
-30674
-29532
-15001
-35087
-18098
-52289
-23426
-34995
4270
-62428
-17353
842
-43083
-11276
-27100
-14224
-182
-31677
-47930
-23318
-36962
3381
-41870
-50284
-14375
1841
-29100
-10934
-6820
-15366
-30767
-3056
28
-39092
-30014
597
694
-56355
-21398
10665
-23673
-8559
-43408
-46298
-26557
-4987
-61483
-3552
-45813
-21132
71
-36728
298
-53634
-52236
-11377
-22285
5032
-40295
1109
-46053
-8775
-20052
-36971
2977
-48978
-35837
-49969
173
14
-34909
37
-8893
-23154
51
-8580
129
-9393
-9543
-53302
21987
-32251
-2713
-21938
-26563
-9602
-29358
-8894
-28539
-51514
-24110
6482
-51400
4194
-37989
4570
-45790
105
-18244
-55457
-27499
-31966
-25131
505
-53682
2459
-57262
4
-21698
-44902
-9623
-63837
-58029
-23738
736
-55114
-9545
-33217
-50376
1380
-31211
-38792
-48707
-36972
-58831
6004
-50015
2468
-2635
-53189
-4979
-5438
-7317
-23328
-41065
-5612
-6733
-28082
1177
-62820
-4052
-2606
-43150
-19457
-42696
-24345
-8813
-24610
-41243
6012
-5289
1055
-20979
-41063
-494
-21194
-52493
6279
-52706
4473
-46235
-29413
-46799
-15000
-9023
-27680
-50029
7182
-6366
-41487
-3685
-3509
-53379
-31357
-10792
2137
-7811
121
-42553
-37231
-32686
-2238
301
-12448
-51211
1216
-2726
-38441
250
-32850
-35087
2994
-22753
-2014
-56756
2194
-6963
-17627
-5503
100
-11763
295
-58123
352
-31987
-17064
-46427
54
-6457
-44008
1498
-38922
-35076
-26785
1184
-644
-53771
2547
-53981
-28071
3000
-48108
-24570
371
-45186
783
-37231
1
-22546
-16108
7222
-41099
-36658
5745
-40498
2
-5284
-6998
-55595
-30373
-23422
919
-42047
-21653
5681
-45896
7134
-5299
-59369
-51126
-1873
-48759
129
-35380
-27778
1096
-56088
-35489
81
-20668
1544
-51761
-37642
1483
-34386
-36417
-47380
-42490
-23409
-41045
7026
-51052
-6330
-12603
-62003
-18538
-610
-8700
-44611
-35512
-28518
-25916
-35445
6401
-14984
-43925
-44622
-42259
-1127
-13110
-31721
606
-349
-51859
-44314
221
-6130
-43552
-3545
-56722
-20104
-21419
580
-53122
11240
-59114
10482
-28817
-256
-25214
-11003
-15786
-10116
3312
-49249
-43190
2446
-48140
-55160
-7001
-18010
-1420
-13959
-5740
-11631
-44502
-35586
1286
-57518
-22203
11064
-52156
-39761
-52218
-25331
-41891
-54856
-6453
-19246
61
-12216
-50168
-12681
-11966
4
-31459
-34602
-17607
-30588
-57121
-27705
11868
-29784
565
-26054
-27417
2690
-45012
608
-26920
-30733
106
-10252
-47895
9
-58534
4275
-20783
-52405
-9879
-9231
75
-24698
-36850
-40563
-11320
17
-10262
-53710
-34962
17
-10411
-52665
-5602
-7872
-8260
-26741
-31114
-30507
-11742
-49004
1817
-38183
-10782
-39862
8378
-53446
1152
-11063
-27199
-42386
14871
-24247
-44385
13325
-62692
-40917
1709
1081
-52467
-55218
-4623
-30228
9892
-50893
4400
-49100
-11428
-49783
-1525
-3220
-2758
-26732
-16198
420
-3088
-20330
-38779
-3778
780
-13399
-20510
-12989
7
-35849
791
-9260
-43693
-11802
-20892
-27001
9489
-18346
96
-35617
-5765
-14529
126
4
-50305
-16554
-1686
8019
-32141
-29829
-39795
6227
-33725
-20633
3797
-36803
-38161
-30558
448
2434
-34358
-37187
-55851
-11142
-35002
2492
-27485
-14511
-30548
-21813
-25890
68
9146
-20154
-37804
-22147
2484
-38788
-11756
-15525
-31339
-32124
3
-39831
3159
-42146
-31764
255
-18267
-27733
-3224
-13347
-27028
-18303
-56159
1083
-60833
-11398
3057
-13200
-48431
6
-13277
9
-61111
-151
16561
-36911
-34338
311
-66669
-6740
23
-59686
653
2035
-55763
-56338
-41819
-17118
-29504
-57232
-3976
4261
149
-4773
-54629
-17603
-37004
-21162
-44699
11200
-35586
-10579
-3936
-7714
-42131
318
810
-17071
646
-152
-59348
5690
1483
-23684
-42775
-55820
-2468
3418
87
-63467
-50550
-22622
-51159
7493
19
-10950
-41218
3132
-29375
-53490
-6434
-26904
-5858
-52432
-42825
-41568
11537
-42924
1917
-8428
71
-39249
-2310
-45546
-28522
15631
-27274
-15154
972
-49497
-52712
-15289
3796
-38139
-17995
-11547
-61085
11369
-61872
7852
-45864
-44712
-12266
73
-21521
704
5
-42405
-2577
-40146
-6049
-9399
27
4928
-39906
797
-16398
-38579
332
-56064
6167
-18076
-178
-12860
1093
-32056
-12038
-20405
-26097
-12446
-28963
-63830
-883
-20253
-16043
-42159
4040
-47325
-29046
-42751
12
-48654
9773
-63191
432
-1058
-11998
34
-59002
9326
-15881
-49621
-51602
104
-17345
380
-24611
-6897
-6679
-16275
-45756
592
-61329
-4176
-53861
7565
1412
-2252
-32730
-60575
-24126
-9607
-59820
-23023
2749
-37082
-20836
-34813
-3491
-4511
-11653
-7951
-55310
17665
-35855
-6889
-46992
-34314
92
-62251
-3633
-51298
-25596
5928
-19300
1165
-24142
-19820
12
-51748
-18086
-3882
-12089
-10630
-24477
-14078
-28256
1727
-27535
-11803
-16877
300
-49088
-51033
-25414
2723
-59709
-11036
-5595
-49151
9984
-22928
-35910
3739
-60880
381
-25123
-38170
-37272
-7901
996
-13019
-51835
-51868
-31692
-14214
-40232
-44114
212
12
-45721
-41602
-18188
3986
-35285
3868
-23496
-27779
-29989
386
-26679
-27553
-27835
-14148
1284
-48802
9549
-37820
-4175
-48096
-1531
-43891
307
-11093
-41721
-46298
-20889
-6924
137
187
719
-12367
-30963
413
-36738
-4120
-10186
-13480
-5387
-28195
-30029
-9784
-31576
65
-57219
3123
-66842
443
-56410
-22589
-46620
4351
-51115
-38049
13588
-24591
-40164
5716
-21980
-44049
1522
-10464
-25524
-47991
-11065
11071
-54740
-27414
692
-24062
-33582
152
2469
-12558
2791
-30327
510
-35938
3297
-37659
-8
2754
-3602
-20406
-40231
3613
-14730
-1717
-31483
-4818
2107
-36693
1
-60708
19868
-8161
-41565
2327
-23813
-30369
-23107
16125
-51307
2458
-40930
-14393
10662
68
-61449
-40743
-3555
-18200
-9783
-1844
-31314
-7061
-37234
-23176
-41624
-61341
996
-53040
13969
-30302
-6069
-46119
-29151
-1819
-27245
118
-28537
-41524
-57196
609
-13715
-47689
-62314
-22356
-33351
-9523
-46792
-13466
-31279
-9661
-27102
5883
-55453
1160
4361
-61532
-44323
1785
-10664
280
-15498
-19140
-31494
-31094
-3985
-59618
-22326
2004
-45141
-807
-7382
-49145
-37443
5757
-8230
701
-17842
192
-48624
-3791
-36395
8467
-37551
6040
-40810
-41323
120
-19102
-687
433
-6197
-48702
3427
-4207
-60151
-59811
1129
-26534
-8640
-34352
-29296
1696
-57904
-22830
348
4021
-29155
-28334
-9969
-47231
615
-5938
-21627
-35764
-21192
-36597
652
0
-12538
-56372
-28065
883
-40791
1949
-16532
-36690
-46515
1170
667
-30551
-51572
-14434
-9634
-10809
-41229
-43304
7609
-8681
-58402
2896
-30637
-48402
-46760
-18570
358
-12062
-12834
-17367
316
-51900
-11036
7711
-53861
-25676
-25296
56
-31943
-2746
-19231
-8435
-6925
1118
-36818
-36503
-55981
-11355
6
-28841
-380
-46450
3295
-23528
-17730
-54372
12574
-62277
-2757
0
2069
-12411
-7050
-34688
3138
-22179
-50620
-31381
-14831
20
-31398
-43641
-37356
80
-8398
415
-50370
507
-11752
-33212
1299
322
-62806
-18394
-6140
625
-34066
2956
-25165
-36485
-54486
66
-65603
-49453
-35725
-31466
3597
225
-28720
-6675
-58240
13537
-36586
-12284
2933
-46264
-5104
-9150
-49587
-3610
-34101
-4751
4
-8988
-47234
6003
-41884
-62967
-46691
3898
109
-64604
-31044
-43463
-22374
-43013
-36368
-46527
4967
-21937
-15300
-23231
-12693
-5080
-38465
-13824
-15116
-13943
-36882
-33399
112
-39930
-2839
-12322
-50596
1144
-39717
-21213
-24911
-38745
4493
-46083
-5162
-41780
1360
-13386
-39171
-24902
-18414
-12821
166
1029
-37734
-16862
-20787
523
-62008
-1293
1218
-10530
-50046
-55671
439
296
-55770
-4292
-20690
296
-30504
-27071
-45474
-31056
923
-48003
-7666
-2256
1699
-31259
175
-38660
-18856
-27980
479
-51612
64
-28230
-16584
-41188
695
-20895
-26490
95
-35910
9526
-50315
2117
-9997
49
-11239
-47368
-31538
2684
-22911
-2570
-36509
-24559
-20799
-13041
-39123
-5373
-60290
-43356
7807
-23953
-31510
-23977
-32740
-48238
714
4648
-60502
6459
-14922
-1775
-21173
-30544
-16163
-7300
-30560
-19091
-51031
1250
5408
-58927
14106
-4599
-16297
-31705
-46645
-41520
-12048
10297
-47217
-17559
-25690
-51262
5143
-26198
-216
-17664
541
-28715
-43618
-57232
3579
-32495
-7134
-41329
-9654
378
117
1
-59440
-56191
2317
-48348
-23044
-46763
-39598
-292
-43882
12953
-64833
-33177
-7096
-46084
3
-63333
17829
-54851
-44038
-35075
838
-27002
190
-51225
-37112
-19657
-21155
-6184
-30539
806
-20962
-60965
9879
-28782
-41700
-44061
-29871
-23734
3101
-51394
-9426
-14257
-27952
-20409
-6849
-51864
484
-52793
-24422
-7094
-53268
-18015
-47145
-34664
1404
-13629
-54398
5834
-50012
-20700
-14850
-8859
-33543
-42073
-24085
-2415
-40567
-17679
-48388
8538
-58529
-11380
4408
-28886
-51187
-7737
-12651
624
-44714
-23530
-15562
-28872
-52563
722
-36944
570
-34303
1152
-26397
-35931
6696
-31414
607
-59857
-25879
-36521
-35764
-26005
20
-22078
-44696
-41990
45
-26095
-39441
5191
-26291
-54785
8575
-19130
-39380
1873
-25249
-30098
-38534
-34684
-29283
-14018
4947
-17565
-24714
-19582
48
-15929
-30654
4356
9
-45538
3120
-54870
-46664
15
-46906
-40368
-28576
-45912
-13
-29520
-43160
-1684
-23442
453
-45196
-37832
-28418
219
858
-50116
5322
597
8
-19459
-53675
-9354
-44706
7204
-36477
-40475
-21258
14
-22201
68
-45577
-50672
621
1670
-18540
-14598
-56366
897
-13517
-26004
-57463
-9460
-27623
-35399
-13290
-6934
-51258
262
4045
-27637
9
-28292
-1169
-6704
199
-17950
-42129
-45232
81
-41036
59
-20447
-30360
248
-55444
-45652
-5
657
-29631
-45899
5160
-35150
-52691
-31897
-32567
-61723
-19271
-30371
-28727
14
156
-29138
-47405
-7103
-13439
9339
-24142
-30685
-26371
-47627
20
9261
-7193
-156
-44773
4857
-63707
23
-15783
-18139
3942
-15548
-45129
334
-13269
-46620
4151
-61699
-43326
-7378
-39539
-60183
904
-57883
-2490
-58478
1461
-1034
-57755
574
5827
-45313
-39972
-13540
-5025
-40826
820
-54290
1809
-1032
-11796
-7667
-47814
1006
-23584
-41230
1274
-41961
9365
-48942
16533
-40244
-27307
11924
-38103
3286
-20773
-12714
-36751
-22570
-18267
2786
-30202
-27456
-17930
-31753
-2978
521
-9896
-34729
-16326
-40920
-48143
-17156
-55523
8900
-3362
-5753
-59070
-13979
1340
41
1247
101
-29062
-61575
2698
-11786
-61737
-13088
-31362
-5330
-28686
-30388
-8054
-42350
901
627
-47786
-1043
-58427
-45959
-47710
547
-26587
-62117
-22601
1016
-17152
-46347
-38970
3102
-821
-63178
3249
-51834
95
-13446
970
-43046
-23581
-35782
11454
-41056
-22681
-27468
1730
-5056
-38541
-690
-64835
-14496
-49791
2
1481
-62668
-64212
-11827
-2714
-35450
2326
-51020
-25276
-7665
-12342
-49207
766
-56548
2866
-17917
-11126
520
-18066
-53526
-39791
-22024
-48851
-44122
-18988
-30949
-26575
-6604
-20066
-57021
1225
-41344
-28472
-10878
-49180
-23348
46
-34428
-1341
134
-49647
-870
-8945
-40123
7
199
-36829
-9136
-31582
-8824
-58546
-60762
10282
-41611
-31818
10650
-16354
-49040
12461
-23966
2
-51827
157
-20614
-60312
-24717
5
-28548
-10848
33
-48635
7468
-46868
-14444
-44126
16
371
-34562
-38349
-55797
-57877
3915
-12305
-28304
-36192
-36745
21587
-53650
-47644
-36369
-40594
-9364
-44538
-24733
-38104
915
-35084
-37005
4475
-55946
5502
-16986
-54765
-25823
3680
-7454
12
-25701
-19173
-19297
-14164
-54559
-50636
-25568
1092
-16816
-44620
-22534
9132
-52129
-52908
164
-14592
-27050
-53485
5154
-19900
-59353
592
-54059
-23632
-25180
20
-9515
-27674
-18491
-27232
3994
-51595
-39059
-36960
-29173
3227
-28694
-45484
973
2
-51252
6085
-10541
-27752
-39699
-9846
1704
11
-23799
-39399
-20087
-41722
-55797
-29776
-47351
8932
-8070
-52656
-39962
4434
-29146
-20792
-50017
-21006
-43806
-22036
-38859
-49069
-29274
-864
-44395
728
234
-9941
266
-23980
-28564
-8369
-43878
11847
-63552
-18379
-54445
-50833
1519
-2506
-2093
-35315
-47599
-21982
76
410
-35751
-28868
577
-53419
-15195
-33888
-55277
-54600
22551
-34899
-23752
-35607
-41495
6973
-43493
1664
-7381
1282
-19629
-48542
-53636
-51042
-31032
16670
-15936
-25294
-43284
-55927
-20948
-9036
-4668
-26768
-26553
-43693
-23266
-33120
-33953
-29856
-15706
-50050
2576
335
-59124
-11613
-45758
867
-60900
-40548
556
-24760
-5585
-40351
-23491
777
-22122
-25724
-34508
-39932
-46338
3505
-11059
-63830
-28284
-5886
-22211
-60062
10388
-6614
-35646
-10236
450
-39352
3466
-23401
-24275
23
-43931
-38674
1480
-8221
1
-50489
-21407
-35817
9457
-49451
4086
-38445
-41760
-35089
-29520
-26866
-22285
-36951
3169
972
-48721
-9033
-35671
-43983
-17834
-9199
-57586
21
-15120
-43663
-16316
-22236
-51114
-9507
-37688
-32023
-37162
-30357
-43868
19
136
-50816
-32357
-16809
-9374
-55157
-16788
-48483
-23123
11203
-9821
-16188
-31746
1498
-14938
349
-37166
-34580
1744
-25946
-6115
-49111
-10246
-829
-60232
-65484
-16676
-12283
-49122
-32758
9486
947
115
-62845
7593
-24963
-23290
-33807
4621
-58901
-24766
13979
-48073
-45137
-47306
762
-42428
48
9363
-30113
-21327
-17901
-27321
1507
-58767
2549
-44018
-18624
5041
-34024
9
-27890
-48466
-7120
-27706
-436
-40826
-40343
-11900
-13996
-23612
-7698
-44144
331
-38658
-16895
1828
-3878
-33012
-50304
-14219
284
-24167
-34730
-46540
334
-51483
-19267
2579
-16757
-3255
-12703
-46367
-18628
35
-50811
8383
-1149
-42600
143
-21477
-29816
-57367
-54469
-19055
-49349
1166
-29675
765
-27027
-36497
-29677
319
-21736
-8076
751
-36570
-11464
-56734
3790
-4147
-10204
-21830
4833
-51471
-35102
810
-51211
-7570
-19195
-2151
-16557
-49344
-33850
-42027
242
-36375
-22461
-50879
-18462
235
-10939
-19684
-4804
-47306
-36464
-62018
21769
-4098
83
-38582
4317
-64687
-6102
-53436
-23570
10432
-64083
-35187
10739
-46447
1138
-38509
-34175
875
2378
-57203
590
-36303
-49327
-60234
-19059
-27224
-40807
85
7960
-56531
-30665
-30839
-44487
-42812
1715
-52196
-5570
-26788
-59580
-1570
120
-31822
-45728
-16739
1670
-60797
0
-35046
6554
-32266
-9926
-24842
-59929
6051
-7286
-51905
-351
-33890
-834
-15242
-12233
-33472
6585
-52323
-40399
-56019
-22803
624
-53510
3011
-5866
-11548
15
-39303
-10772
-41643
4465
-53981
-1264
-18725
-43282
62
390
-31963
-31755
657
-6036
-3891
8
-55654
8423
-49083
208
557
-43731
3626
-1138
-42593
-11972
-32053
-31872
-8836
-12535
-24521
-39929
114
19
-3607
-40426
59
-37029
-28124
-21575
-27642
-21180
-46787
3061
-64750
-24302
-25950
-15915
-6611
-48920
1448
-49016
13809
-30648
-43924
-50756
70
-12153
-38018
-29132
3906
-31652
-35206
-43534
-13616
-18133
-28089
-4245
-20666
-57343
733
-24391
1716
-15812
-8335
-23283
-10752
1288
-29694
-24341
-25449
-59936
-21245
-37123
-3258
1465
-26669
3635
-18508
-9187
-56028
6299
-56588
-53890
-13888
-27290
-30015
-17584
7509
-31292
-4259
-9665
-48253
34
-31347
-7825
5521
154
-11078
-11939
137
-56948
-38119
27
-27303
-41780
413
-35481
-33716
-13268
5
-56793
-15639
957
-59143
-14041
-17370
4558
-54608
9060
-56528
-3173
18
-49745
-24739
8071
-41575
-48851
-15013
-54472
-20555
201
-39761
-25743
-14174
-28284
1679
-374
-47258
2441
-17459
-36600
-48968
2519
-51712
-4884
-18671
-9286
-459
-40267
-35396
3747
-12447
-62006
1693
-1028
-15479
-28866
-21171
-42063
-24096
3528
-6405
-25217
-11482
-55049
-2259
-25799
6434
-12724
-53202
6307
-56167
-35715
78
11522
-30813
-20320
-49093
1144
-34873
-24192
-48330
-57644
4982
-62500
-24891
1870
-18240
338
92
-58944
-47775
1968
-11940
-44314
-10569
-33719
4
-24215
0
-50168
-17468
-36611
-20097
-41879
-24831
-51874
-32042
-30734
-14216
-48043
4507
-13574
-47448
7
-51729
7881
-14765
-52716
-43941
1373
-32198
1507
-44836
-9739
-44315
-895
-26625
-44316
4
-9058
-16803
-23199
-48860
9035
-33699
-30165
296
255
-23768
-49304
-41828
3531
-58588
121
-38672
556
-32090
-18373
-23786
-40132
-41195
-63160
1639
-40429
-45621
46
2014
-38850
3454
-2736
217
-8151
-60385
0
-51151
3657
-32041
-59997
-11857
-25817
-1857
-6750
-47857
7117
-34972
-25542
-10868
-47696
-38329
4912
-57372
6000
-62522
22812
-57363
-3710
-33660
7902
-34341
-54609
42
8866
-12601
-38258
-5044
-45977
-21602
10309
-47104
7212
-54657
-49801
302
-11648
-4107
-20028
-12562
-11975
-4641
-59113
3622
-24335
-39831
-60297
519
-37977
-45375
-4108
-6769
-28445
-29180
-37085
-38831
2148
0
-27784
-25484
1
-50433
-31100
-39773
-27653
-16273
-63343
-5451
-15135
-39128
3793
-32727
6403
-41945
-25823
98
39
3
-36530
-52277
-40347
-39891
-52302
-18507
-6522
-29263
-51050
2028
-54855
382
-43440
-18256
-10767
-48251
-18146
393
-37061
-46666
895
-47598
96
-35588
-9314
147
-19883
-28176
-58843
11672
-6489
-37581
11
-50718
-5216
3447
-37593
-10445
-19587
-27295
1326
-12866
-8571
-61582
7640
-4937
-50561
-64544
-38103
3290
-37587
-47999
437
360
34
-60546
1938
-45320
6397
-35081
341
-36087
-23453
-44387
-5359
-48969
5929
510
-39119
586
-23054
-32083
2077
1398
-25801
-38293
-45131
-12365
-19881
14
-40072
-26726
-29281
-33705
-14713
55
-17534
-41011
1844
-56322
-32335
-26889
-24569
-43362
-50336
22748
-63328
-25664
2442
-61404
7290
-26219
1824
-8767
-39783
-13635
-50378
-12735
1386
-27121
-11797
-58869
303
-55062
-7737
-47843
-62732
-46124
-34397
4178
-11049
-15320
-22413
-31746
1540
230
-22308
4646
-14699
-45663
-1447
-49732
-18766
-51797
-15149
2061
-60433
13879
-44267
-6809
-36639
-30863
-56033
390
-50088
7662
-42384
-59229
7593
-35524
-20376
-32745
-21272
-24966
59
-46689
-17416
-43117
-33093
-32638
-13238
770
-53971
-7923
-20238
-56464
257
-20765
-31927
2517
-34475
617
-17513
-29736
-17083
-11410
-4137
-18800
709
0
-8581
-27261
-60232
-44372
-42566
4304
-48497
1901
-34127
-43807
164
-47924
-15760
-37297
-37588
15997
-34240
-46268
-10084
-22032
-21444
-26105
-2120
-6616
-52856
-31280
8
-39431
294
-46499
-29133
-10163
-26884
-18024
-6411
4125
-28979
-35903
2
-51509
2476
-63473
3612
531
-6796
-50012
-18941
-49662
-51516
3108
-48918
-37892
-40000
-46945
348
-43275
-21333
4
-46300
2445
-26032
-1041
-53015
-51227
-22040
453
-654
-44111
-5818
-11250
663
0
-35982
-40401
-45592
7992
-53826
-36998
-19254
3
-50760
-36752
716
-23599
-58879
-42360
1414
-25613
-28918
-38952
-59106
-39915
-53550
-19866
-33908
-35843
1601
-48544
-4571
-61221
-29599
-5954
141
-47188
-50019
-17935
-44972
440
-26705
-55925
-44030
-16611
-45297
-22994
3138
-1390
-22915
-34147
1025
-44489
-37006
13238
-38619
-38239
13191
-39872
-15166
3818
2324
-64661
1265
-27220
-1165
-20641
-55774
-47025
-9603
-38657
-24000
-14507
-40374
-45462
-15633
-50783
-40022
-7723
-9906
-31896
-44253
20
2391
-64971
555
389
403
-58485
14113
-46827
-25658
-16120
-46011
-44264
-8518
-26856
-41300
6273
-16133
-23229
-16323
-37671
-12220
-2174
244
-14777
-4624
-32343
-416
-38875
-44077
1383
1852
-1836
-59303
-50169
5045
-768
-45658
-27040
-36805
-28385
-16929
-42223
-11938
-29873
794
-23428
-18514
-38895
-38568
7130
-35998
-54725
735
-1818
-37417
-32236
-39761
2577
-5635
-47616
-26559
-17056
31
-57840
1109
-41832
-32867
39
-31464
-46009
-32603
-2854
888
-61146
673
-25174
-24979
108
-27734
7137
-16246
-9840
-60879
2062
-35082
4591
1725
-46874
-15581
-61053
-29780
-29089
4657
-46023
-30152
1212
-24298
-18423
-5127
-41492
-5948
-41533
-43679
20
2232
-17011
-19035
-60480
-29109
-1953
-63044
-16697
5183
-50338
1252
4483
-60253
-6238
1134
-10588
-57985
-35313
-11890
-15133
-27824
-51460
-1077
-41945
-34495
6221
-35041
-16199
189
-26702
8182
271
-26123
1382
-43543
3678
-50449
-1172
-43799
-1820
-38249
-8867
-7371
-57886
-49521
-19975
-12478
-28369
627
-33312
-46626
-36914
-61224
9695
-6424
-7132
-34767
-12343
-43540
-34761
-33198
-16548
-25001
83
-46026
-28281
-20346
-42156
15633
-50194
8495
-25881
52
-12136
-46608
72
2341
-33605
-37085
-60235
-61060
-44123
-11181
-57998
32
-13188
-22070
-19406
-39668
2003
-36626
112
-31772
-7107
-31382
28
-57885
1789
-55702
734
1451
-59181
-18517
-16261
-8428
-31096
-22081
-14518
-59863
246
-17499
-46911
-1884
-41456
14660
-43346
-30440
-17281
-43826
-13986
-20904
-22791
8125
-50361
247
-13146
-7917
-37149
-36850
-56809
756
-40688
4139
-41784
64
-41029
-14545
-20867
-7724
-14488
-15577
-69
-17594
-20742
1026
-58989
-14625
4465
64
-63999
7198
-45548
-8874
-45413
-22821
-5497
-1090
-49275
-5506
-5115
-8589
-26177
-2743
-19320
798
-12442
-42081
2731
-17212
-61985
10687
-53678
1236
-47672
12638
-64415
-7094
6219
-32444
-35186
-27336
13555
-53411
-45891
2758
-31371
-31767
-14208
-22839
-44615
7
-41672
-46836
428
-23882
-33319
994
-21166
-26015
-30013
7441
-17053
-6694
452
-34682
-40514
5222
3569
-40063
4899
-9976
-17710
-15759
-47432
-47209
-31775
-10762
-44041
30
-21941
-44569
-20635
-20279
685
-50622
3607
51
-27674
-18596
-42027
71
1408
-19735
-55500
14
6326
-34574
-2286
-34880
-47887
18
5636
-32406
-45709
1162
-19591
233
-53694
4911
-48590
-41550
2699
-36450
-25460
-39317
-44991
-28080
4
-43332
35
-16752
-29815
-12123
5133
-64694
13398
594
-13730
-58801
15997
-16550
-9303
-30762
-51672
-7975
-55567
-32136
174
-21131
2731
-6833
-36513
-27627
-46092
-8487
-7863
-1634
-51308
-8469
-39921
-23173
-48458
265
-46077
3343
-34092
-34249
2693
-42185
-18693
-40368
1532
-28465
-349
-20776
-12540
-34386
-58598
5069
-22298
-8757
-26248
-36978
-7374
-62294
525
-28975
3352
-58149
-34664
1
-24981
286
-43479
8108
-24554
-19237
-51356
-483
-9577
-39279
1689
-58825
5361
-38992
3684
-31257
1764
-15362
-31960
4152
-3821
-66450
-36926
2202
-41529
-44390
-47281
-13898
-9375
-45779
-48538
-27702
-54659
-47515
825
-23220
-40663
1538
-35829
-35464
-8236
-110
-43231
-29866
-32
-13410
-24575
-30922
-53349
21
408
-28817
-29675
-29843
-25591
-21001
4269
-14493
-28424
157
-24818
-30585
-52394
-45700
-20313
-4967
-41286
546
-32880
892
-44891
-1596
24
-12223
51
-2815
-38636
-3516
-2816
-50309
-8799
-57637
2660
-48334
-40487
-2989
1239
-25248
821
-50274
2556
-56781
1553
-45984
-30644
-20509
238
-60505
1601
-32825
-13802
-35939
-8558
-35583
6218
-42027
6380
-50324
-17157
-16660
-18567
-23585
-9381
-32898
11131
-58013
-2224
888
4429
-57675
-56802
6517
1115
12
-20724
-37684
-20397
-41725
15987
-28103
-36116
3821
-6779
-46139
-9766
-42298
-23917
-10532
-34029
-34853
2587
-44824
-51478
-30847
-14413
-41945
-58075
-9901
-28098
-10371
-35378
46
-52665
12251
-51759
-39028
-29998
-1220
-50277
-45554
9853
-35770
-28546
6895
-15935
-28307
-36998
-15111
3092
-51173
-42850
-11976
-19816
-17542
2644
-6242
-32470
-40438
-24711
-26092
252
-1720
-2780
-32620
1999
-43501
-21465
-14507
-40142
-42561
101
-41090
377
88
-40856
120
-32976
-52379
-45150
-10105
-12323
-30162
-21824
-59280
-23876
-4449
-32753
5694
-58289
4595
-41269
1276
-32266
68
-41759
-16782
564
-31481
-44616
-47652
-22829
-6464
-24053
1362
-31123
-55795
-46199
-5525
-39673
5163
-9180
-7868
-21349
-56840
96
-2005
-21901
-14756
-34719
187
541
-1358
-24346
-45272
81
106
-51270
799
-22039
-48689
-20073
-24186
-40062
51
-966
-29689
-8797
-34359
927
-65756
-55239
-6576
-6875
-14666
-49137
-29049
-43475
-17634
-52454
-53387
-51180
-46338
-49319
764
866
-21457
-24543
-8153
3256
-34250
-56903
-5009
-22989
7
-36236
-17351
333
-29842
298
-54303
-52332
642
-38225
-21942
467
-3564
-20917
-15882
-20726
-17802
1257
-28093
-6748
-24752
-33745
7604
-8441
-61615
3539
-54475
1452
-52924
7685
-25291
-40464
280
-20444
-18143
-11623
-20317
151
-2930
-58399
790
7905
-58530
2657
-9136
-5740
-55061
10772
382
-3811
-53091
-25785
-29623
-23532
979
-24561
-37037
-23086
-13231
411
-60291
20154
-39232
-56071
13377
-53645
-39753
-28089
3129
-55075
-45277
1467
2980
-31335
4369
-21666
-50604
-42795
-16725
-40110
-13395
2096
-39851
-27834
-53486
9620
-62212
-31248
3683
-62567
1629
-47125
474
-49156
360
-51275
-58129
7637
-47181
14
-35429
-23367
162
-57256
-6550
-31954
494
69
-28100
-44837
737
-8802
-58601
257
-30978
-43962
-2291
-16326
-53570
10564
-1476
-14031
-10323
-32952
-20552
2218
-49380
-28024
-18577
27
-35041
-43928
-10096
-51980
-7768
5888
-8489
-44733
329
-51657
75
-31656
-50502
-16172
-22838
2262
-24368
-62883
-22987
-11859
59
-49822
-12957
-13764
-6952
-44538
-27218
217
-26519
-19753
-25192
-27307
-54769
-17519
14479
-55649
1604
-13555
-9044
-14442
-33426
513
-9301
184
-35991
330
-55434
4877
922
-42375
1562
-55628
-2212
-23092
-38504
-40668
-7656
-62020
699
-62744
-1119
-53085
-9542
-10038
-12713
-49195
-46916
114
1294
-42013
-8693
2263
-58224
8385
-12423
-50790
-6294
5567
-4433
-63115
2775
-28016
-38748
4273
616
-3370
1099
-54380
3329
-53345
-7713
-30018
-53446
-657
14230
-51005
-1191
-13282
-51437
-32007
-305
-32068
-26208
141
-30888
-39718
1400
-47972
10863
-4395
-22598
-2102
-46218
-5204
-21258
-31340
-6211
-29922
-22338
-46625
-33695
-43471
-54864
-19952
234
-46480
2288
-28904
-55284
-28121
-29384
-33220
-14665
-19415
-1557
-59799
459
-23877
-2864
-38237
-24919
-498
-25891
2158
-26051
-56047
4342
-7169
143
-222
-50289
-15075
28
-12989
-50062
-29245
-33247
-42848
-8661
592
-25953
-40469
-49645
1465
1461
-34565
-4376
-45924
-18478
-64291
5
-7104
-50034
199
-58224
-35106
-25194
-9345
23
-55435
1465
37
-29741
-36639
-15435
-19710
-14704
-26963
-9780
-50708
-7061
-7472
-1932
-54268
-34164
-18531
-9235
-9253
-3938
-36981
-32161
3879
348
-59653
-17789
1634
-49970
-37440
7895
-3663
-29155
-35854
4190
-47030
-5953
2870
-38612
1181
-62669
-62843
307
-58856
-13618
8163
-5522
-28025
-34307
-42050
7605
-21197
-6225
-53946
-17895
-40555
-53037
-20728
-34305
482
-31546
-3218
-60865
-35660
-40244
162
3960
-45948
14
-10115
1636
-30677
-55475
2353
526
115
-43614
-26789
-30161
-42434
8190
-36359
-45724
5375
-7240
-42670
-33265
-8251
-65378
5942
23
-50553
6330
-39006
-40743
-13816
-11042
-8907
232
-47717
-38262
2428
-19795
-16498
-63605
12478
-14634
-3180
-12208
317
-64110
456
-24173
-55798
-13238
-18376
-48329
-62985
-12784
782
-20173
-27019
-42883
-45385
-52703
5961
-31683
-27166
-23589
-37767
-13730
135
-43934
-21851
-21205
885
-34420
-39555
-46654
-53437
10306
-45518
-21073
-65390
8066
-18170
1244
-8629
-52889
-47813
8234
-54374
-9240
-36904
-25249
11095
-62271
1497
-47633
-30934
-10219
-28377
-18306
-6937
-49473
2261
-13135
-56969
-28514
-7012
-41090
-5514
-47180
2919
-9333
-43768
-163
-20343
-49236
-21370
-7686
-32078
-21374
-36542
-22154
49
-13629
-6136
-23865
-36264
1083
-13966
-16623
1579
-11564
-62956
170
-4428
-36473
-4855
-25599
106
121
-9251
-61191
-53337
3517
1440
-63781
-31975
777
-50346
9
-42830
-37926
12041
-27473
714
-64024
-6954
-37723
-34917
89
132
-40702
6238
-21386
205
-47217
-5266
-32478
-14632
434
-25064
-19973
1467
-62041
-5650
-30559
-4746
-41332
-37507
324
-37852
-34326
-5342
2263
-38356
-41996
-10923
-53920
-40768
-54473
-31081
-16126
2672
-25494
-36081
1958
-13157
-56082
-37240
-16061
718
-16502
-22845
-64503
-7270
1528
-29831
133
-48561
451
-25032
315
-4812
-42336
488
-36275
-20933
-39406
-26478
-38509
1
-57038
1509
-27862
753
-7569
-18325
511
-20532
-63575
-17429
26
-15576
-32021
-34590
-46144
9181
-38161
0
-32767
251
-41463
-36706
-5356
-14781
485
-42376
-48476
-37535
-19910
-31207
5549
-19228
-43207
-23012
-33299
3665
-22003
-33744
-54780
-24814
-2269
-35880
-20443
-12334
-5188
-905
-8110
-37243
-27535
-47146
63
-20525
-21395
-44701
-2852
-49276
-32369
3856
-9537
-32801
-53304
-13522
-44563
-51544
125
300
48
-39644
-45483
8944
53
-65244
-35779
-57389
5134
-49436
-17411
1034
-35337
44
-62118
16695
248
-12558
-15121
-44582
-60106
-11288
-44161
676
-47037
-26703
-22395
-54197
-23520
-29912
-18922
10063
-48122
-24636
826
-19011
-31360
-41647
3481
-7620
-7137
-7607
-46554
-9238
2098
-41846
-15287
-13421
1
3
-25948
459
-25934
-47328
-18564
-8269
-31383
-28342
483
-4950
-14638
-49792
670
-17717
-49885
4217
-4616
-16781
-7914
-31878
-24667
-2055
-32940
-40765
38
30
-47322
5347
-35593
1190
2219
-37908
-42393
-32476
262
4882
-35397
-9855
-60568
15123
-52287
-32582
3217
-40887
3
-8171
-18163
-46564
-39028
-22648
259
-14802
-5643
-45373
10
-3346
-62153
-19832
-42195
5705
-37204
-13333
-9124
-26023
-64771
-13097
-28770
-45505
6218
-35177
117
-34602
-41058
-19963
-24248
-43432
-45406
-10845
-30201
-51897
3959
19
-34559
-2083
-21323
-42691
1609
-22209
-42065
4920
-17156
-7911
-28280
-5793
-22619
9207
-55938
12560
-19282
-38292
-10437
-30392
174
28
-46228
42
-9419
-44108
63
10836
-61849
-35813
-47869
17253
-59374
-17571
314
-56859
7189
-51464
38
817
-64208
-19118
-27018
-28939
6058
-51361
-31675
-29140
-737
-27796
9590
-36926
-37368
1847
-19375
-4967
-56871
0
167
-19357
-24557
-23298
-21616
-39715
2770
15
-33317
454
-43631
2754
-22616
-2459
155
-28819
-23925
-32936
-2826
-35037
-6991
-45660
-43040
-40422
-33497
481
-5639
621
-10786
-53266
-47718
5413
-26944
90
-37542
4394
-39723
-27260
-14268
-16913
-3635
-60602
-39
176
-62528
1315
-64742
1300
133
-48921
767
-40658
-41706
4296
-18605
-55583
-20275
-39871
-26938
11094
-65723
4776
233
-982
-52337
710
-33444
4947
-53813
-11781
-36093
-40006
11969
-27231
2118
-3295
-27504
-32585
-30545
-49569
2904
-1092
-44011
-26637
1329
-7198
-35308
-2463
-21028
2305
-24168
-48176
526
-41897
-12644
-4792
-46081
-29989
3067
-46695
-49247
-1018
-31377
568
-31970
-17095
-55618
3247
-48830
8383
-23520
-3833
857
-38693
-36797
835
-21206
-31170
143
7674
-45883
-6695
-45896
5283
-58711
-62386
-20523
10553
-14427
787
-60005
452
-47168
111
-11267
-30344
-40220
2
-53083
18572
-3290
-32386
-39287
3865
-50862
42
-51463
-58674
19492
-43844
-48216
16
2603
-31351
-10043
-52291
4546
-31202
1586
-602
-25755
-31700
-8681
-413
-29569
4054
-51925
1798
-49518
-26459
12611
-37959
-33749
223
-18819
-6373
1
-59278
9786
-11061
-60254
-5208
-45813
1306
-10308
-20514
-15489
-38937
-20626
-17548
279
-56939
6896
-4377
-41308
1525
-15910
-32989
-48460
-3864
-56688
-37719
-4011
-29595
-24950
-41433
856
1750
-17722
-59890
310
-2471
-6270
62
-46384
2290
-38288
-9655
101
-46932
-27676
5827
-23626
-43640
-1731
-39998
-13088
-3053
19
-42692
-52091
-19157
4
-17845
781
-60228
-7434
4603
-13260
-38436
437
2161
-41569
-4538
-31518
1019
-62600
-7875
-42641
-17995
-37998
-52131
-25193
58
-49387
4
-49464
-31222
-18728
-21270
-35395
-19679
-18172
1337
-28231
-50894
372
-2003
-38775
2311
-49419
-12196
5488
-49902
-28629
-11280
-18518
-42473
-27559
148
-56090
4574
-26773
-425
5235
-43839
-1525
-15075
-39774
3
-50278
-45339
-22962
-50193
2790
-60254
1837
-44335
-29962
13161
-57399
58
-44923
-54255
-4755
837
-60609
8052
-26199
-30648
-20302
3320
-3589
-39482
-29326
609
0
-14980
-2965
-1957
-13786
-61477
-32890
-10071
653
3231
-40093
-19865
1531
-37649
-28516
45
-23625
-13208
-29645
3597
-61662
-49347
1753
-3269
-37813
-16479
299
-65030
4009
97
-41118
1980
-60761
11938
-41301
-32738
3965
-36515
-33515
-6654
1575
-6676
-50719
-9256
-42414
1417
30
-5262
-59874
-24214
65
-16969
-39509
-52446
5352
352
-13183
-42713
-24460
1773
-54358
394
2848
-42116
786
-13859
-57080
654
-32244
-31885
47
1015
-51602
7097
-30229
-57735
-36696
-58303
-54058
896
-17100
6672
-2410
-34644
143
88
-6767
-20514
700
-31480
-30423
-8203
-35655
-20854
85
-4758
-61100
300
-28891
-57939
-51248
-18544
-37666
159
-51747
-64571
5024
224
-64673
485
-12072
-41066
-32895
1723
-56757
-7800
285
-46019
15
-64563
-50506
-38186
1308
-18342
-126
-15205
-52360
-55981
565
-60844
459
-48830
3410
1533
-42482
-33537
1504
-46595
189
-37048
-26094
29
-46739
-13144
187
-61846
-18691
42
-14472
-57008
8
-25576
-35854
-46429
-8428
-50341
106
8124
-21268
322
-11405
-38534
5
1734
-1594
-60596
15415
-19488
-12650
-17807
-54395
-23706
-29430
-43262
-50485
5
-58604
2207
-10164
-9630
-53156
-38778
11663
-13687
-2557
-28010
198
-15786
-20981
258
-27122
-48839
14376
-44891
2043
-19042
-32794
-55184
1565
6
-41085
3731
-14948
-44557
3668
-36450
1824
-13537
-63
-9846
-20726
-14173
-47991
-1959
-38003
5625
-22998
18
-58746
-50788
6165
-17306
251
-57940
-22197
3690
-50413
-48174
-50200
-6597
-53309
-8634
-28514
-39281
-29428
-20124
10920
-14017
-23835
7039
-28640
-26745
11
-38652
2045
275
-35563
139
77
-46710
-22530
2292
-34964
6
-60957
-36226
7
-32520
-34545
-41512
-61568
3
-11381
2424
-12175
-25858
-19952
-37422
-62045
11910
-48548
-11995
-52425
11840
-16109
-47034
-5604
-32206
-18153
-36349
7420
-19390
-22934
-33641
-59292
-59305
7538
-44635
285
-62730
-12646
-20379
1005
-59831
6213
-54172
-27999
-3515
-27450
-23948
-29767
-43554
241
1196
-49088
-26360
-1455
-809
-57270
-48106
-33717
-32078
178
-6620
241
-36707
-33903
888
-29950
-43887
319
-4046
-37037
-26870
1963
-10347
-51736
3727
-56544
8819
-26267
0
-54944
-4560
-12341
1787
-41544
1020
-12157
-46089
-48320
8982
-16042
-34495
247
3371
-63433
8223
-42220
268
1053
-28766
-34754
678
623
-59422
7
-54562
-25684
-31952
11
-40700
10281
-22200
5
-35679
-13148
-12127
141
-23550
-29509
12
-36768
569
-13304
-54421
6585
-21580
-27988
-10909
-11231
-3074
2473
-42032
-29223
-11757
-33900
-40603
5884
-56715
-14226
-25732
-22924
-36689
-26508
-53942
-10556
-10578
-23617
528
-56999
-10178
346
-26603
-35706
-33584
1166
-6996
-30217
5356
-27550
-36704
1905
1
-11295
-19801
1253
-46523
-50620
-22447
-61373
715
-38787
-30760
101
-29874
-24554
-31676
6679
-16788
-57778
3856
-6428
-58298
6452
-39425
7197
-20918
-27229
-46608
-13411
-43061
-24808
-39713
-34021
-34651
-25377
4103
243
-51074
2847
-7649
-56607
-7552
-59309
-33086
7392
-15370
-20622
-28290
-40105
-32193
-54018
235
-12076
-42024
1
-47600
-23875
-4537
-44954
2952
-55658
5492
-35536
-33187
3644
-58450
-7292
-18021
0
-15198
-37872
-25639
-923
-42819
-5333
-20310
7030
-48186
-28690
-23738
-51800
4316
1037
-16905
-32487
-29865
-12913
-44866
20143
-3997
-33585
-33540
-11112
-9534
-48040
10861
-26137
-29394
-35143
-11777
-23469
-16436
-21130
-30984
-13957
1438
-25028
-34270
-30089
6388
-793
-24788
1266
-14089
-14932
-33571
-37008
-13730
-50268
-16579
1364
-53471
-14255
-14850
142
-57302
-26460
-33971
-22188
-18559
-20593
-25996
-42436
-47405
-40741
-25250
-28435
12442
-17951
-48096
-21168
-29898
-11751
-34219
-5901
-26685
-52814
-6148
-5410
-8932
-31415
5178
-26483
-21565
-24507
-5941
6002
-34422
-37930
50
-46480
5062
-12551
-6261
-33956
-35197
-7173
-16184
-20216
-41674
-35945
-42375
-41305
7275
-33923
-33756
2341
0
43
-40037
-55511
98
-32006
-10718
-9869
-17002
-42860
-36363
-31309
-19666
-47492
-13006
-43800
-53706
-16397
51
-59780
10926
-55852
2819
-44637
-1826
-64269
-5518
3885
55
-16013
-21115
-1597
-43191
-19849
2956
-16135
-48047
43
-41549
-23899
-52622
723
-17212
-51925
14028
-17869
-54863
-7609
-63891
-7067
-18236
-18249
4204
-42586
-16566
5774
-36371
-54386
-16409
-15493
-29455
-24164
2763
-30387
-47127
1373
5046
-46714
-55562
2087
-59620
1119
168
1685
-65701
12360
-57951
-2308
-334
-43782
1259
-4086
-25928
-49049
-39691
-48378
-4541
-24970
-44863
-28020
3066
-26948
280
-19469
-24367
-63915
9837
-40102
12495
-55961
-23838
-10701
1607
-35895
-5006
-26198
-9677
-39214
-17299
-40148
9394
-60480
13219
-45112
-12144
-5530
-40630
-399
58
-47290
4506
-32493
1209
-42268
-12448
6
-4323
-30098
-11757
-2359
-55139
-33707
-29016
-22523
-12562
-32590
665
-12016
-28674
-9732
-33517
-20459
765
-48890
-13822
-35443
-20696
-42322
-3778
-50081
-15799
-15868
-24533
852
-61722
12538
-8645
-49186
-3991
56
-11142
-21900
-6233
-46880
10577
-35400
-23775
-27521
-46793
-16742
-34988
-18303
-44484
50
242
-31362
-27671
-12098
-7601
-34951
128
-4027
-16867
-29982
-10624
-47977
2439
-14916
-9931
-11033
-37524
-53460
2
9803
-27413
-4977
-1298
-54795
2
-38184
1217
-32167
-13828
-30886
4046
-52948
5723
-48868
121
-62270
1670
-41571
8149
-52974
0
-7863
-65556
2525
-57056
-8698
-55103
-53580
1998
-28935
0
-44615
7894
-7071
-37703
21
-65525
-56011
-15601
-51995
-15070
-50951
920
23
-49956
173
-15619
48
-9890
-16870
-33582
-35766
-15019
-14697
-5067
-65547
-42601
-4833
-49259
-15883
-32289
-21848
-32326
-36464
-49008
1429
-48640
-11367
-25236
-29488
-19560
-7569
-32031
6032
-7677
-45611
-8891
-1429
-1298
-34569
-3380
-57606
-10527
-22997
457
-8792
-41607
-53023
-21832
-19072
-19327
-8655
-3485
-58639
-20916
-21122
-8750
-47122
-135
-36128
2044
-43271
-15540
161
-48787
-55654
7134
-42953
-39411
-9184
-37433
2070
-19883
-57386
-16092
29
130
-55753
102
1571
-38180
-60836
14060
-1167
-50307
12470
-54115
3332
-45379
-48056
6578
-29307
-41745
-37623
-1518
-3022
-32884
-4180
-12714
99
-10601
-26048
-24214
-17197
-32338
1179
-35166
-23061
2514
-4681
-22970
-22811
-39952
-11935
-27066
-26383
-62549
1379
176
-4505
-51170
-11549
-35120
13235
-15723
-54405
-51518
-38041
7004
-24074
-1277
-44146
-8345
-55397
-35971
-29547
-17490
-18995
-762
-47519
-20912
16148
-56660
-27737
-42112
-46730
1374
-33008
-8251
-24611
-2404
-7696
-61147
10203
-43771
-29954
-13659
238
-62322
2450
1023
-52273
-19898
-55765
-36526
10486
-47127
-14583
236
-39844
-56937
838
-52663
-23980
-47538
53
-66487
-13715
-794
-51506
7144
-16165
-40244
2819
-29081
-25784
-7716
-19957
-42659
-16220
-61311
463
-24024
-15049
-47850
1387
-47757
-44080
13
-62126
-12728
-49937
-5223
-52248
-33673
-47642
4986
-1236
-58519
-20209
-47217
393
-45461
280
-19347
-60090
5043
-66222
-37451
120
-1012
-23406
-11988
-27034
-11338
-51483
-5045
-44377
623
-45537
-17344
-36067
-36242
-8791
639
-20541
-49785
6450
-46955
3060
-30417
-60936
-15816
-17218
123
-20171
-27805
-14837
2379
-60492
184
-35277
-16817
-35355
699
-50667
-997
2007
-48446
2331
-9714
-3460
-53393
-12775
-5260
-859
-51267
116
-49232
220
3414
-19033
-16784
-19972
1289
-27840
-36774
-33749
-16693
647
-29609
-3103
-44824
1270
-40474
697
-21970
-45001
-26656
1007
-48755
-10372
24
-10849
-65144
-7434
-44469
-1432
-27825
4814
-18850
-19845
902
-31938
-48129
-41221
4139
-538
-36897
-11072
-47627
-52256
-20889
-20082
19
776
-40532
-30841
-7073
-46020
-63815
-14654
-44693
-42716
-2318
527
-48027
-17457
-39693
-6656
718
-18817
-46489
-6861
-42146
1933
-32591
8552
-19556
-18337
-39266
1943
-38236
1593
-9072
-53034
-8954
-20080
5012
853
-21436
-25215
-26260
-14247
-29943
-26103
11
-52044
-36991
-33793
-876
-59114
8
-19316
-24215
423
-38917
-1681
-13750
-8450
-16814
-31933
-18224
107
-66846
3756
-4637
-11115
-57415
674
15
-16583
-29527
-11087
-7879
-34812
-24081
-46178
-33602
-13787
-34536
-20136
-48225
-1690
-2206
-33311
-23696
-15222
23
-11003
-25955
-14998
-34189
1478
-5920
-30588
-40120
-25451
1537
-40528
668
428
-57980
-12785
-4822
-46184
-32407
962
-44021
-19406
-6261
63
-8247
-61222
236
-19440
-30411
102
-56674
-36742
17289
-64212
14623
-59874
-6529
-31721
-24137
2342
-8604
-57977
-10231
100
-24120
-19379
-63036
-2376
-14671
-15400
-54515
-26339
-8629
-36924
81
-47258
-9270
-59570
-32330
-24630
-32025
-35771
-38263
1985
-12728
-60978
-73
-57452
-26996
-57781
-32952
382
-43094
-4525
-5585
1324
-10501
-53877
-13507
-44033
-28501
-6886
-37952
-47254
36
25
-27681
1790
-24250
1226
-11656
-43208
-42548
-3481
-40084
-19734
-50663
5101
-64012
10066
-34331
-21270
-19997
-866
-45713
-14376
435
-20663
-18404
363
-59957
-58452
-12628
-15205
382
7361
-6369
15
-53359
5169
-25534
-34014
1871
-24864
567
-22384
-58640
-16710
-15817
-49648
1959
-51724
-11758
-45343
11830
-58642
-27845
84
-51407
-18279
-855
-1323
-28765
117
-17968
1820
-26331
-41690
-11302
3511
-39319
-33684
14586
-38869
-57727
760
-2257
-14520
-22937
-40023
-18955
-1094
-20338
-42502
-559
-23033
206
-32497
416
-28457
1828
-22193
-52313
-21992
2565
-12411
-57533
4274
-19579
-42228
-21257
-23670
-35265
400
-30225
-5352
-8847
-37461
-1784
-45595
-17029
-12390
-33212
-26069
175
-3958
-38687
-11847
8870
-22005
645
-58335
14808
-47460
-35987
-24247
-20831
167
-61581
3105
-14023
783
-57164
-11233
-4594
-3780
-50819
-35881
-14520
-54517
-3229
-63337
18562
-22328
-26108
-21873
281
-44369
-21041
-25225
-35701
84
-24859
9
-38171
-6986
50
-7372
-42621
-63554
-30559
-49374
1347
-46660
-16656
-50259
-12932
-25854
8881
-48998
-4129
-39217
-48577
-10042
-12136
798
-13014
-23855
-39508
3713
-31769
-15922
453
-56816
-10749
-12507
-16834
-46473
-18487
-45580
1174
-44551
-11310
16020
-41578
10046
-33436
148
-36527
-12578
-44234
2832
-59242
-28508
-8884
-54137
-57285
-42232
2552
-34582
8297
-52271
-20534
-48658
3274
-10891
4269
-38998
-4920
-35424
-23650
-36419
-19607
-5133
872
-49883
-490
-54596
4638
-41724
489
-35180
4869
-47698
1283
685
-30342
-22858
-1073
-49905
-22442
-23760
126
-20780
-8127
-58102
-10720
-12641
-18116
-46476
3129
-48159
-33197
-48383
-35526
897
-51781
223
-59228
823
-13144
-37464
570
-36931
3656
-26865
-33266
587
-31528
-14613
38
-787
-45852
176
367
-58098
4537
1665
-51124
3090
-15516
-18196
-7898
-24428
584
-47150
2232
195
156
-32136
-16985
-47268
1
-25271
-17858
3691
-8087
-63418
2273
-6144
413
-42347
-30931
-22533
-6098
-33522
5953
-6644
493
-43215
-47342
-7467
-32681
-746
-31105
5924
-52241
-35006
1886
-36781
-45831
9894
-26979
-44151
-1962
-39655
2057
-358
-14698
-23987
-10678
-34341
-24674
-45281
-8562
-30371
2610
-36294
170
-49457
2879
-911
-34301
-5943
-15481
-47350
-57380
198
-7027
-36423
-57386
-25994
-35299
-39463
4174
-26416
-51728
-36026
4111
83
-5745
-65114
22505
-49351
-8955
751
-49455
-14995
-40710
-13876
-28216
-47386
-38505
9676
-44848
-19351
-45058
-41385
-4683
6241
-32260
-59221
82
1223
-57483
4187
-18954
-36849
-13166
-9156
-46459
2949
-9321
-52101
-7607
-11579
98
229
-38855
50
-33964
-22393
-16394
-38924
-28533
-26818
-3124
-47729
1046
47
-36010
-37771
-4930
-14796
-48770
3432
-61109
-48525
-35277
7920
-19225
-33072
2
-38318
-12015
-22884
-10697
-39973
-22705
-2541
-32270
-47907
708
-7513
-957
-25973
8024
-47270
-33437
406
-61389
1374
-36555
105
3920
-7874
-60088
-3529
-51944
-11624
8
-35391
-40671
-9473
-65663
4895
-4627
-49781
-10548
68
-49647
260
81
-42726
-9299
-41144
3336
-51281
732
-21462
-13806
43
8
-18857
-8388
-45019
-27361
-28773
-48180
2759
-34790
-41255
-35930
-42472
-27056
-45310
-34664
1820
-34946
4195
-51353
-22117
-43007
-22847
-38956
1915
-2930
-40766
-23022
-34276
23037
-35069
2967
-37260
-14011
1339
-11759
-34182
681
-59039
5239
-34171
-36942
-30500
-42397
-34920
1574
393
-20911
-27142
430
-8098
-44238
-54850
-7970
-2798
-25834
-54707
-22603
-37313
-34193
5809
200
-37277
-2687
-51108
-44162
3275
-5089
-53808
-41449
-48487
-12879
0
972
-18969
-48907
2440
-4620
-52791
4342
-52594
-3801
107
-17182
-36509
836
-50149
3155
-42561
-13590
-9051
-25888
-8403
-11158
-58348
6346
393
-19258
-31479
-63151
-49534
3944
6020
-57320
295
-42031
-23166
-27675
-62130
-9856
26
-31579
1981
-30812
3025
-11774
-55274
-15090
-24569
2981
-15755
-30036
-1566
-5968
-64615
371
4887
-3200
-27049
839
-5334
-32193
-21844
233
-2876
-64542
11319
0
-12537
-6573
-3797
-34049
3913
-30598
-40842
-66329
190
-58246
-37475
-48616
-3936
-63791
9861
-57568
630
-49353
2328
-34908
-26276
-28870
3474
-19509
3916
-12117
616
-21054
-33599
3497
-49553
-16925
-37191
-39856
-43678
-26669
1796
-8692
-39910
-9908
-58861
-30407
-44074
-24850
-46368
-36140
-50516
-36891
2196
-21042
-51883
-507
-18877
1042
-35190
-26368
11
-46465
-20680
202
-56224
3396
-29360
50
-30388
330
-26026
-24427
-22206
-25867
4433
0
-64657
-32218
-11369
-3509
113
-1336
-46961
-15612
-3983
-27848
-46414
16670
-29366
-54314
-30476
-31136
-22294
-18763
-41366
6637
-61280
5315
-35924
0
767
164
-5619
-31845
-7024
390
-59861
710
-48783
401
-32890
-39157
666
-39759
-22429
6247
-8355
-45880
510
-41039
2849
-59226
18417
-37976
2416
-61736
3964
2980
-15917
-31036
-42241
-50935
-49857
3769
-33428
-4883
-3665
-54472
-3985
-33995
-5295
-15688
-5855
-42337
-18906
3
-55448
-41382
36
-14870
-50982
-52067
4230
-27864
-46024
-16257
-12381
-4145
-26738
3576
-57517
13254
-12581
-16958
-44866
3783
-24798
-16322
-27707
-31305
-13964
-22447
2
-55053
-14735
1811
-8841
-13915
-4848
-26662
-42800
843
-35975
-15210
-36036
6147
-59311
-13907
-26461
-38932
4431
-27883
-934
17
-20124
-8032
-8004
-29161
-63170
2919
-48455
2605
-24283
2473
-54087
6620
-52483
3851
-22781
-8259
-24390
-23121
-35984
-35620
-40745
-20849
5713
-32215
-14473
-42601
-33362
-19848
-50604
3721
-3204
2485
-29808
40
-24218
1070
-22530
-40281
-19408
-8051
2803
-52350
1880
-10294
-21888
-51128
-21355
-33516
-43063
3897
-50009
-16633
1455
-55648
-25492
-1676
2251
-18378
-51246
12235
-50433
499
-27768
-16823
-25612
279
-44221
-7659
-53278
-26015
-33459
-16622
-29949
-35267
4305
-48031
154
2191
-54516
223
-56392
-26399
-6623
2278
-48350
4409
-15021
-42189
-4575
-29035
2062
-44110
-43469
-34036
-16214
-3876
-17461
4872
-59198
-8007
2726
-17485
1606
-19662
-21919
-26269
35
-24186
65
-57669
-39302
306
-48799
2751
-19165
-18154
-42582
-57542
-47418
-49
-37719
412
-42315
-30685
-2332
-23140
-53938
9566
-53927
1137
-50565
-33725
842
-22931
-40765
10288
-60730
-27374
6351
-6801
-25696
2696
-47468
3567
-9016
-5038
-9550
-17018
-14318
-2573
-51179
-16446
1744
-51344
2091
-14584
-37075
-15953
-60453
-1891
-26666
-9690
4734
188
-62515
-19412
-49693
-7414
-40586
300
-30072
-27247
-40148
-323
361
192
1420
-30055
-51850
-37150
-21682
-8657
-11837
2157
-37476
-41969
374
-30855
1143
-20986
-35853
-5382
-39381
-41941
-33297
388
-40525
-39606
1
-39969
-33179
-42887
215
-48613
3034
-3998
-17405
-37783
4586
-39935
2598
-21956
-31648
-26728
5707
-6954
-54133
8916
-48492
-50398
-3513
-13385
-9600
326
-37445
-38721
-17062
-35440
-31018
747
-52920
8696
-28604
-56013
-13907
-37662
-20966
-9120
-46552
-11383
-53777
65
145
-64144
4997
-45995
-3593
-2714
-8759
-29591
-7005
-49395
1118
164
-46772
-12041
7357
-54879
3855
-3898
-65641
6434
-36941
1798
-51957
9601
-37927
1
-1786
-27537
-19053
-34586
-39158
-16125
-3217
-36533
-25428
6736
-21876
-21815
-32494
59
4046
-37489
4192
-12381
-42209
-1635
-30165
-26353
-16112
7908
-36514
-3406
-21511
-46988
-38074
-37373
-54683
3151
-14393
-20192
-43998
663
-16862
-29485
-16025
-42258
184
-38531
-5680
-27148
-14149
-18507
-45611
-12515
882
-55729
-41157
-30891
-18029
3527
847
-57705
-21093
-10844
6139
-22490
-46329
4946
-48971
-22010
-44510
-31471
-19528
-18686
2299
-35261
-61935
-60315
-3483
1095
-65358
4217
-40132
-34436
-31027
-56060
-14965
-3025
-54131
-40557
769
-2697
-35357
-7431
-9460
751
-50382
7257
-17605
-56129
1457
-28472
-50786
7845
0
-20148
-26822
732
-10778
-54395
-30953
-9806
-19311
885
-62383
15817
31
-24644
-11289
-13356
-53356
-33034
-34046
-40957
-20410
-8218
-55984
2303
-10918
-61071
6048
-35401
-16328
-12362
12639
-44355
-1033
-41635
3627
-7406
-23342
-31140
-42244
-22230
11663
-42159
7930
-5673
-35007
-14108
-44803
-26412
-4937
149
-706
-9843
-63477
10288
778
118
-50371
-26984
-8403
-401
-59084
978
-23759
6967
-48907
-25871
-21992
1988
-51365
10
-4951
-48381
-51430
2320
-25068
-19647
-22314
2046
2714
-54704
329
-14159
-49465
-10556
-55894
-36185
-37137
-3563
533
-16715
1704
-53024
-9871
-16040
-26049
1729
-14483
-48105
-18521
-7935
-34323
-36512
-27059
-42618
904
-54197
10310
-37184
-38809
-56528
-36858
1
1771
-1840
-57697
-14351
-16553
-33217
8138
-19458
432
-53215
-308
-35983
-1101
-49178
447
1506
-59492
-5083
-49076
-12747
-42919
-39943
-15006
-35565
-42709
-1938
-37165
89
-47455
-41961
-12570
-6565
-38349
-26475
-60346
-21296
7634
-20996
1036
-57773
2
-59265
-24272
-25135
-6983
-14904
-16519
4746
-26453
-26968
276
-60941
-28792
7521
-41519
-50694
93
-45742
1
-36380
-29337
-40924
44
3216
-33713
-52417
-37092
-56285
5080
-37440
-25723
-18051
1408
-15111
1335
-39228
-7397
-40097
-60799
-16688
857
-45535
437
1095
-17611
-50130
11173
-23481
-17793
-32939
1020
202
-49187
486
-21490
-56180
-30375
-6886
-16433
-11251
-31150
-48982
-1158
-50162
5687
-44706
-24032
-53537
585
-44178
711
-13228
-61528
-39531
9876
-37400
-14060
-35907
-39010
-47479
5683
-7919
-5477
126
-32885
-39914
-27835
3906
-55998
3825
-46322
-4988
-11112
-32016
4752
-22815
1709
-44414
-55
-26446
-12732
-54738
-26141
10754
-24214
5
-63025
160
-56089
10520
-33239
-3379
-23702
-29057
-20946
-15101
-30451
-3513
-10234
-2119
-5357
-54815
11291
-22795
-33907
-34118
4837
-21339
-35565
38
25
-750
-50942
4166
-65183
536
-22006
1466
-52368
-16398
35
-55484
6243
-46405
-2541
-35549
-49826
166
-15889
-44795
3031
-51519
-23494
-57775
-17881
-623
-64419
266
-35863
7659
-58181
4619
-41764
-35896
294
3131
-13542
-6924
-32370
-20284
3
-60292
14715
-1616
-57577
-18813
-27152
-9920
-18450
-48436
15958
-59128
4355
-54581
2640
-24532
1064
-61963
-4331
-11772
-35225
-233
-31108
-35200
-55171
-9261
-47904
19367
-25011
-50961
-52510
-33354
-2448
-40413
-55811
-43516
7015
-18174
-38190
567
-43802
2088
-55295
151
-42825
3883
-18463
-29613
-12160
3551
-8729
-24823
-27515
-29795
3584
-52543
734
18
-42327
28
11377
-41677
-7521
-21052
-28752
-20925
-41309
6671
17
-40421
20
-20627
-19540
-43565
-14870
-20326
-49778
-18911
-7917
-31832
828
-34989
2698
-57534
110
-44965
-44476
-35538
-35873
-21774
-27679
6996
-47699
2882
-28647
-32937
-23275
-28205
-40054
-45299
-1700
-2439
-58851
-46898
-2581
-40720
2794
-26734
-19353
-20606
-30787
-13382
943
-54512
-35299
-624
-36895
-4757
-28901
-40105
138
-9686
-35773
-18192
-756
-14891
-51479
-29918
-8641
-25526
-31351
-62155
-47334
7647
-46235
-14384
-39048
-20115
-10047
-20267
2627
-59619
340
-36632
-31514
16557
-53030
-6508
-749
-51775
-31614
5670
-41031
92
-59356
10932
-13770
-48059
10679
-20317
-29720
-130
-51191
11369
-27225
4597
-51784
-44171
11403
-12403
-55715
2493
-40126
-15901
518
-33891
-23400
-25139
-51886
483
-19973
-26242
-12707
-33097
196
295
-28180
-37042
-25797
-32428
2940
111
-15234
-2670
-50501
62
3164
-14348
-31149
-691
-36825
-49119
-51048
-26397
-3352
-25383
-20600
5107
-36923
-33522
-24168
-15531
-2429
-38822
-7026
-48785
-40868
-594
-59231
-43184
-15978
