1
79 4062 3 22 61
53 68 15462 59 12833
37 26 32185 59 29656
74 70 26686 17 7411
79 36 49902 95 20396
49 24 40668 82 36782
44 37 15812 27 13547
69 34 14159 45 788
48 5 14898 44 5170
27 65 2900 10 1188
46 56 44310 80 12860
11 55 20959 39 9160
55 19 40491 75 15403
77 12 11873 20 11855
60 75 4148 38 3749
9 45 33993 75 29949
60 5 18636 30 8581
43 46 40708 71 37348
38 13 1651 35 1101
3 59 38516 13 2731
45 28 15633 7 1846
1 6 26736 70 4972
35 2 20377 78 6013
10 2 24589 89 12437
20 73 17308 56 7877
10 33 34871 1 29618
48 55 32946 43 1676
26 40 24765 1 5438
27 38 19880 14 13873
16 32 12108 44 147
67 41 29008 26 6943
33 11 11370 40 7862
47 59 18835 95 879
33 64 35361 67 31041
13 37 15757 31 21
17 66 25768 32 23327
38 42 13802 86 5530
20 66 43373 62 34105
67 74 28104 38 13971
25 30 26758 90 14213
37 34 23725 43 9241
74 73 37007 35 6710
61 50 48749 1 11611
61 70 33116 72 16947
75 38 20953 40 12013
37 16 36545 58 3180
39 60 33062 13 32995
72 71 3374 25 2117
14 77 37107 6 20578
44 14 41366 61 10517
71 23 49191 96 35636
1 60 48753 47 41398
28 62 24087 4 6382
34 47 40873 48 32961
12 63 47370 52 26578
58 51 49746 78 13603
48 72 21093 43 11146
29 23 25832 69 19158
63 2 34326 63 7713
21 50 34845 76 27983
63 20 2767 60 1194
67 55 16549 28 13932
19 5 5617 22 1156
75 59 39353 3 35870
55 31 49539 61 22876
43 72 41456 42 22992
40 44 6367 99 5942
49 64 48583 30 19425
50 2 30552 26 17284
42 67 24971 8 12204
46 30 11623 50 7749
2 12 5194 10 1322
25 42 22063 34 6951
17 35 13319 4 11686
52 26 7898 80 3307
15 40 3324 25 2736
76 2 40838 13 15608
74 6 48039 22 26100
71 53 36612 82 11858
1 69 5078 98 2108
47 55 43983 96 12018
20 76 11637 2 8942
50 42 17878 36 14418
10 49 45728 18 32261
16 44 12588 95 4259
28 46 25875 79 20563
72 47 722 35 98
57 20 41839 83 28049
17 39 13758 31 1310
57 38 28036 43 22166
37 36 43484 83 8070
45 42 43681 5 16935
58 38 11225 55 1407
45 39 6825 26 5026
46 17 1279 11 899
29 13 18173 71 10436
2 36 40334 7 38847
65 11 23086 98 12358
47 10 38627 16 13038
48 5 1577 67 194
57 45 41958 32 1751
69 44 7521 30 4894
67 33 11072 24 9339
75 66 1188 74 1145
66 33 44991 9 22440
61 57 24405 59 18448
7 40 23201 64 1873
30 7 33966 1 32381
49 8 9750 66 9504
59 32 17543 67 7366
31 66 45654 42 1880
52 28 12547 91 10897
26 7 22616 13 19254
33 11 35670 34 22838
65 43 38674 60 8953
28 42 6370 20 2710
19 16 15647 18 787
57 54 40017 39 33278
39 57 19256 89 10174
10 40 2239 90 924
78 1 6009 77 1340
61 26 2991 96 422
63 57 34955 42 3727
45 56 5062 29 621
58 6 27709 71 14989
10 76 44052 40 23315
64 66 28902 12 18865
25 38 36909 59 8453
73 45 44343 56 7428
36 25 38231 44 16314
54 42 5205 86 786
71 17 16145 46 11882
54 67 30199 98 641
6 23 48387 95 24272
1 50 44862 20 16069
25 42 28611 39 25759
3 51 35440 60 12741
66 58 31591 4 22496
73 36 30731 3 17512
37 1 15703 42 3726
24 49 34432 45 11748
26 34 33511 67 24640
21 18 37323 71 26859
32 29 15209 99 12303
13 22 20736 48 14462
49 64 9172 98 4716
24 64 6932 99 2548
74 23 43866 39 20738
66 38 3443 8 408
1 31 18970 23 7345
76 67 24935 75 20403
26 53 23479 39 14192
56 7 48349 63 20190
56 63 8088 83 2868
16 31 20795 20 2175
23 38 1986 51 1048
69 35 401 36 116
44 40 37952 4 28807
24 70 36734 29 14643
72 10 34587 45 1662
28 51 22181 67 17178
58 71 40960 39 10605
52 79 18536 31 10403
45 47 25650 80 2950
46 52 38814 29 36265
11 71 10740 45 7672
23 22 10950 26 8778
8 15 39284 55 29247
48 30 29019 39 24054
59 30 42865 24 6859
15 2 2552 31 464
14 72 33934 78 15630
38 79 1571 42 897
33 5 13571 62 9903
73 18 46560 41 37557
66 19 32074 37 13538
63 54 44671 10 36908
71 33 1148 30 531
22 2 13067 72 11004
33 12 48242 40 24676
23 58 31187 89 14122
40 28 24370 84 14297
49 32 9284 91 7248
32 18 13600 93 8398
51 77 47114 69 3384
15 1 32875 8 29360
70 44 42348 36 858
55 23 29932 71 12238
9 52 14504 8 5931
12 68 23320 99 14528
55 77 25589 92 12574
63 24 10919 25 119
12 23 2209 75 170
67 33 48127 72 33405
49 40 10651 81 3626
7 37 4513 28 1020
69 33 1671 93 1506
65 5 38841 29 30336
65 59 26954 60 12080
62 68 16756 40 2536
59 24 13167 34 4599
48 11 33891 33 6840
34 69 27188 94 25499
14 60 12458 55 4915
44 35 47422 99 2241
37 68 13758 72 7978
46 17 31030 96 13361
47 74 9486 30 8789
67 56 17203 44 4677
16 32 465 72 353
44 13 41961 54 30657
72 59 25369 70 21622
63 10 22222 58 17605
51 44 956 62 460
18 29 13275 80 5693
33 27 43636 72 40685
32 30 11806 96 1478
15 16 9155 97 3647
35 70 43453 36 38936
68 17 5825 50 2254
9 13 38964 86 37942
28 67 36978 44 9682
69 9 45833 1 40657
46 37 27400 82 12489
59 36 30049 86 15715
7 48 42641 21 14847
17 25 29039 77 3660
29 79 16132 57 12716
23 51 28537 16 21917
29 19 3038 7 2631
50 56 42842 71 3337
65 73 15874 76 5089
12 55 296 93 227
22 17 47142 49 9116
61 9 47102 17 13040
11 73 35324 71 10241
76 10 48435 8 18753
69 9 42065 100 29583
47 58 49397 34 3247
17 72 6810 2 3436
34 46 10181 38 6499
56 66 25434 61 15123
51 21 31842 62 12539
27 30 40769 8 22354
38 45 25740 75 25198
65 55 45232 47 36207
64 58 35717 10 7036
58 55 44172 82 43438
21 26 43410 32 15343
57 67 15037 18 13477
55 27 25027 44 17217
32 56 30195 89 20479
15 63 48635 38 36881
15 70 29548 36 15228
10 4 14446 65 3250
23 7 5914 52 2968
16 57 9474 7 6723
70 28 14487 57 14340
58 46 45414 20 31713
72 16 46546 50 5914
25 63 43378 54 33542
8 41 20072 50 8735
19 18 44169 51 2134
63 16 18996 1 13560
32 55 215 88 17
58 27 1443 100 500
66 50 14273 35 1905
68 7 4981 59 264
5 56 39785 57 12926
23 9 9989 76 4641
55 72 2758 46 999
50 56 22743 90 14993
69 58 13348 78 10067
14 30 3892 94 3745
8 48 38458 70 22215
19 15 14369 86 7915
48 14 34321 8 19700
51 4 17793 67 3925
26 15 41691 52 17206
34 63 34095 57 11809
63 24 19810 41 18475
37 3 25086 17 4881
18 32 49470 94 45152
50 37 42765 74 30242
12 4 22678 42 2808
49 58 42319 57 8425
59 20 26309 100 4285
3 39 28160 65 1415
69 55 11509 3 6214
38 29 2657 32 1631
54 39 4745 66 2144
67 68 26199 89 15460
14 42 5998 78 470
51 44 2658 24 476
43 41 11872 87 126
14 46 8844 12 3308
39 70 24249 11 23886
11 52 7472 72 2105
14 58 42052 43 41258
13 37 40260 43 17260
70 12 26781 87 25453
78 77 2501 17 2179
67 59 41489 33 35669
56 8 30426 86 24256
10 55 41956 96 13302
32 71 10858 49 7837
32 25 13795 30 11079
64 3 38486 54 4064
67 37 26045 57 8011
51 7 44086 54 30421
60 19 9006 55 3904
46 49 42751 12 27544
28 12 13052 37 9853
31 13 20724 16 14877
7 47 4193 99 2033
33 15 20081 8 8906
27 70 17950 41 12174
27 61 27076 67 25756
69 2 47949 8 44223
42 3 22508 37 9015
53 76 22471 38 8268
40 72 6121 35 3209
25 62 43505 66 39790
7 49 46072 94 14552
76 63 2803 89 341
6 18 7886 78 615
6 25 16757 57 15409
6 66 14479 17 11963
30 25 12673 54 6760
49 48 40667 38 11711
18 3 37071 61 28858
59 69 44089 73 25296
43 18 22375 60 13526
4 45 45705 86 27726
38 45 44346 74 22299
30 66 24108 45 18080
9 37 20582 99 19515
15 9 20405 58 4132
42 6 19362 65 11316
54 60 5260 67 3426
22 9 11774 33 5439
49 46 920 82 173
17 68 20173 6 285
70 20 8279 17 2573
49 53 4764 51 1080
28 58 34904 25 10942
49 48 35383 47 35000
38 76 25356 60 1748
21 67 43181 50 38354
64 73 9896 55 3036
78 69 25969 34 24224
3 11 29343 65 14642
42 41 37604 10 9045
6 18 36790 94 21739
32 17 18582 56 1457
75 9 43554 93 38125
21 5 38174 79 11428
56 38 20209 45 6291
40 60 21157 40 6340
37 18 17747 95 6132
15 35 40508 23 35653
41 59 6382 95 2893
64 57 7487 82 2437
41 18 26062 8 10056
44 25 45839 24 26195
29 55 1980 15 1743
51 15 28532 68 25996
45 44 2113 93 1883
77 79 12631 21 4947
73 68 47110 4 34167
4 20 32598 96 27888
54 65 7427 92 1017
75 54 14815 66 8912
24 55 11298 60 2120
78 66 44132 18 7553
5 6 47889 66 21377
20 4 11971 75 5756
17 33 45129 2 44585
9 2 49475 42 27215
72 43 37898 69 13184
37 63 33861 34 11248
66 22 1008 86 440
9 40 25508 79 11884
41 60 23315 87 17064
5 58 22083 87 1668
73 35 14335 17 8537
48 69 40116 67 2731
71 18 1944 91 1539
37 67 6586 43 4624
45 50 37650 2 11057
40 71 5168 10 3264
76 27 21126 83 12254
75 68 7944 75 1314
14 39 5917 67 58
18 23 5151 93 1809
53 54 17640 1 5160
26 52 16180 23 9767
60 42 30404 66 26072
19 20 40184 44 28565
26 4 50204 70 34626
15 76 48424 24 12403
71 10 25257 98 19490
42 23 36717 24 9132
6 78 44223 88 11144
58 40 48792 8 4475
79 19 42123 20 26730
50 65 29483 79 17637
77 56 7091 34 7056
27 68 38308 42 3300
69 23 10764 5 7525
2 23 26174 38 23886
1 49 38617 9 6905
55 63 14567 100 10072
60 52 35807 17 35794
36 4 28661 5 20731
70 74 2741 79 567
44 54 36384 84 18049
79 33 48166 86 42606
4 48 26711 88 26550
5 28 37824 63 4661
19 51 4502 52 2738
16 55 16458 27 12219
22 68 49118 45 13363
39 20 33654 40 15850
39 51 3219 18 3058
42 25 16199 100 639
60 38 33374 17 11340
55 20 8912 2 7826
46 76 35619 26 25529
46 39 48008 1 15609
52 64 12180 98 2046
44 14 44112 8 40754
64 9 4166 96 658
61 21 24628 90 17046
34 33 21589 21 3275
73 49 15309 70 14421
23 12 30583 82 15824
72 65 9278 67 5120
45 47 28319 99 28001
22 48 47743 28 18286
15 40 15319 99 14264
18 15 15483 51 6673
52 70 45703 93 739
25 18 2312 93 225
20 6 48309 43 39585
75 36 16960 45 8286
39 36 49683 99 42366
16 39 7710 2 6996
23 77 10772 43 833
71 9 1079 4 83
56 40 42743 32 31451
40 22 14617 84 13457
43 5 45320 48 35189
35 78 9918 57 9104
43 35 10346 63 2131
18 67 16013 41 6649
3 20 6659 47 223
19 6 1266 97 290
36 9 39899 10 13658
20 3 11618 20 7642
79 48 4423 16 2991
45 73 26710 2 17127
42 71 31504 89 18653
41 17 38873 64 24091
15 16 48197 22 19167
67 32 41980 23 35064
39 1 18916 3 11306
67 7 42492 73 42415
6 53 9651 38 2142
68 13 9918 36 3316
42 46 12206 90 6321
26 76 21258 82 9959
78 60 29199 94 24352
31 7 25895 52 10483
28 51 28271 100 15965
44 34 22846 96 10278
62 72 28564 26 7294
10 30 8370 40 2201
36 20 10367 37 951
57 44 2591 11 178
51 73 13340 56 1999
40 15 26262 48 22145
64 36 45606 85 16848
40 29 27380 99 2948
39 55 22559 3 17033
58 36 9662 74 5734
2 13 14998 94 4006
26 23 877 92 749
39 28 22176 62 9096
42 34 10963 84 6161
26 23 29241 58 19637
12 10 49773 24 34465
11 59 21155 39 1547
30 65 4813 92 2961
63 24 43107 67 41511
4 10 23670 86 15598
3 7 43759 63 33789
10 48 6806 52 4374
53 75 48863 53 20214
26 3 15218 72 15075
5 36 36396 94 16051
62 44 2120 78 1796
56 31 28723 51 28561
47 68 23252 16 3811
14 25 12150 47 1981
37 46 25796 92 2949
50 22 17682 6 8176
57 40 41850 97 31154
40 38 787 11 638
13 52 13274 63 5004
40 61 32262 85 6067
44 37 3849 18 32
25 11 9733 32 1929
10 55 18288 97 14425
19 49 13623 81 541
47 22 9944 2 2974
24 42 16986 72 11497
58 49 5349 85 4764
76 75 44183 63 38727
62 60 35851 8 6114
8 46 35107 96 31612
21 40 6724 21 23
52 61 26745 16 8345
15 64 36696 84 23989
6 76 28070 9 7762
41 37 11787 35 8916
2 26 31412 9 10232
61 45 14483 81 2262
16 57 39575 33 17291
13 16 20654 22 6952
40 30 1144 22 540
58 52 41149 20 34262
67 51 46411 56 28306
38 22 45205 39 13495
74 62 14316 22 14311
73 61 35045 71 6640
19 34 46750 30 18936
65 13 40458 53 21764
77 34 13955 41 10630
70 16 25380 21 9154
27 31 39806 100 35752
16 8 50202 93 47726
24 41 48158 97 1331
75 47 25288 91 24498
58 62 6306 76 5656
71 6 39435 78 29762
69 67 2171 31 155
70 24 34009 32 29182
72 60 29972 37 16348
68 47 39911 91 1591
1 51 43528 72 42043
56 16 17450 23 651
26 79 38814 86 32648
31 78 5420 44 3707
4 54 29534 8 14663
62 26 38134 18 11200
34 71 17981 85 6327
29 49 42477 36 39403
21 31 50189 14 41114
25 6 10645 31 8298
18 34 40731 57 676
56 27 39855 64 13061
2 39 49437 76 8733
69 31 36982 58 24107
10 29 19831 28 4202
7 70 21237 9 5735
11 14 1746 27 573
10 44 3923 69 2334
34 30 39760 45 1512
36 26 37646 27 36162
58 40 45435 4 12633
39 44 19743 63 11910
79 38 47887 7 29459
31 34 16699 98 3899
27 25 19291 84 13122
61 29 14874 98 11598
34 50 12319 37 9565
22 55 14191 62 4075
71 43 43253 21 37513
5 37 18799 94 7623
66 17 17756 97 8368
36 52 34985 49 1466
64 16 11728 97 8150
11 8 9789 85 232
45 3 19650 45 5668
29 34 37270 55 14880
2 66 5645 46 133
35 79 10231 77 3692
6 11 1773 65 186
32 18 29228 49 7655
61 56 31704 86 22408
12 20 16960 99 16548
73 68 5225 43 1049
65 69 44049 43 19004
63 58 26147 51 3980
25 39 48467 94 40781
8 77 34706 98 11276
69 59 19633 30 5675
76 23 23562 36 6592
24 74 18500 96 15329
68 4 33751 59 365
46 66 1628 96 874
5 14 35097 30 32147
76 73 15308 77 6968
1 11 43922 6 21074
17 10 11602 24 2896
16 5 48109 83 23159
62 54 29069 33 13222
3 47 35625 18 7648
43 23 8491 96 3324
5 41 20496 98 17637
56 78 45069 68 39958
11 43 20551 27 5039
67 40 49787 90 16692
61 71 2469 3 1925
79 52 36995 28 23540
5 57 30166 72 22528
11 69 39181 58 19028
42 72 28206 71 8744
69 28 24528 9 4263
76 50 17915 84 12868
44 55 6123 94 2773
12 50 46415 72 13081
52 27 27647 68 21711
5 22 45054 13 43544
51 32 46612 95 118
53 19 21855 12 16810
9 78 13883 26 6527
20 53 8995 93 6241
26 79 27846 12 17083
58 35 12291 94 7093
7 27 24953 62 21517
55 35 13382 72 5885
73 18 45501 44 16460
62 42 44417 19 31880
58 61 47311 36 8324
36 12 37671 78 11581
60 78 16669 48 2390
67 2 21641 63 5504
75 53 24850 28 10393
65 30 46434 52 655
14 72 18552 21 13107
74 3 44691 13 31960
56 18 30426 72 13682
45 22 22276 94 14918
6 5 19912 13 5727
7 51 18731 99 17611
74 65 43111 54 39336
77 71 41005 63 31255
72 49 20142 59 6286
13 26 48029 29 23487
16 17 15146 90 11484
37 32 35799 22 23872
75 48 29665 46 27974
13 1 48310 61 11848
41 21 46774 46 27530
16 43 685 89 433
48 69 36779 74 18483
72 32 14417 33 8600
33 43 27922 94 2627
7 4 48358 63 6675
25 6 15783 86 12823
66 6 34333 39 11348
23 6 2732 33 772
67 29 1120 52 169
67 73 2986 37 2552
75 79 43385 96 30725
50 61 5279 100 3002
60 11 47004 36 22305
69 54 37322 58 10451
22 15 48074 89 35599
42 45 11554 41 10619
69 10 46037 60 28908
37 2 3493 65 3403
51 9 44567 38 6104
64 28 14618 52 8453
42 31 2687 11 2141
53 54 42021 60 23909
30 46 22416 11 447
35 60 41965 84 2251
28 33 30570 94 16519
61 57 7426 42 1804
30 20 27239 69 3918
14 70 28539 65 8531
8 19 18092 11 11079
39 52 25507 27 2558
73 37 6969 13 3889
23 32 24111 7 4027
74 19 19653 68 10797
12 60 22491 16 4647
16 60 40943 28 8230
66 72 29432 61 11806
6 57 13183 93 1106
79 26 14613 67 13934
11 21 19031 37 1330
68 27 43821 16 821
17 56 4574 34 306
17 16 43478 37 33135
69 58 48481 72 17246
38 71 29355 95 24492
44 7 4877 69 832
1 3 41334 47 1448
27 38 12336 92 2419
57 31 45637 86 762
52 17 14649 86 12979
9 37 31194 3 17642
51 57 17367 57 1749
51 10 47576 93 7896
72 7 12738 63 11024
47 71 45600 31 26089
76 68 35154 2 15485
21 20 15982 25 798
19 24 13958 27 4497
45 35 33975 36 9065
36 34 45848 6 1702
69 9 19062 60 8691
50 59 14445 56 10342
52 43 28612 17 21754
58 64 5545 3 1458
31 29 31271 43 16595
34 69 31448 91 28943
57 8 1808 66 567
28 72 40173 78 35568
5 20 42596 71 39164
19 67 20893 14 10720
43 8 33857 100 21417
2 4 24803 87 9389
42 1 36005 59 25393
52 19 24164 38 21737
32 77 23900 58 18657
26 17 7507 88 5056
11 64 764 85 552
9 12 1689 88 638
9 77 6701 31 3578
54 77 32477 58 30314
59 32 23402 91 3277
59 45 33029 49 1649
43 71 33188 37 13860
56 76 28394 5 1710
35 72 39346 9 23125
67 41 5179 23 661
36 2 29994 34 22373
36 70 15106 96 14780
9 51 37168 84 32674
42 53 40527 47 26428
35 34 2255 97 1583
71 20 27615 92 8885
41 26 6651 29 4079
74 21 17007 49 10016
60 70 35180 36 15893
76 32 10471 31 5875
45 13 3521 18 617
58 55 17806 13 9883
46 63 29791 23 11621
2 43 6238 42 5007
78 8 16347 42 94
13 53 48921 10 44040
14 78 12949 84 2722
1 53 31840 64 18610
27 53 31989 57 28405
79 52 41035 62 33744
7 10 14859 50 12764
62 36 3558 5 3437
42 37 1987 40 750
26 8 43032 34 39497
41 65 10378 24 10285
43 51 1447 4 135
57 49 36150 41 4635
38 19 23802 58 16982
8 57 18234 86 5249
26 53 47272 29 7241
4 73 42445 51 25844
21 37 46069 65 31942
57 34 30769 55 105
70 79 9196 26 7442
29 44 9297 76 1947
25 60 37046 80 19993
25 16 784 7 136
64 6 44146 45 8099
26 66 12624 79 4740
7 17 25165 15 2097
66 67 42698 65 41278
71 43 13765 39 12692
36 57 12024 99 354
2 15 34503 72 4167
71 58 47620 46 27284
72 55 3334 61 324
38 11 13233 26 3030
41 63 17364 100 16331
10 72 3481 19 991
32 67 20825 89 7424
70 50 46995 9 469
62 60 20537 65 4765
15 63 43728 88 3168
31 35 9792 34 5968
17 34 26830 73 247
15 57 36669 64 36611
73 8 34231 17 33093
48 25 31318 6 10561
53 67 22307 33 16027
35 3 47849 29 42046
55 12 40471 100 12303
26 34 50199 74 33065
34 29 39535 74 3057
63 64 48714 78 40160
29 59 48734 23 3262
60 18 16908 15 5820
16 24 30085 1 29644
47 46 35839 48 12520
20 71 5727 38 3380
26 59 7597 74 4600
40 39 43920 66 26505
17 19 48199 54 22156
3 62 48911 68 38659
68 25 33421 4 3537
39 48 21505 60 6221
3 29 36289 16 24925
10 27 30772 24 15812
56 55 2395 44 1027
25 63 33292 88 21443
59 18 27519 79 22175
15 63 21666 36 18464
42 58 5436 31 976
19 43 13625 79 6741
59 19 32067 11 14201
43 61 33771 95 25315
43 52 39948 54 31721
66 9 46962 12 7616
25 14 6315 45 5777
38 69 50074 3 15602
70 56 47634 32 22647
78 39 32709 75 20594
39 79 49374 54 19844
55 8 989 18 174
60 73 3098 98 805
30 22 18614 90 6198
62 54 9809 71 6226
13 17 28723 44 27971
39 51 8235 7 4151
19 69 24585 18 11800
4 29 19732 75 605
52 48 25855 21 15002
42 6 19942 38 12546
35 58 37953 2 21457
43 58 6613 12 702
78 63 865 61 367
34 28 47495 94 11292
27 79 15628 98 13853
30 39 1400 60 1139
63 74 14905 31 14305
67 51 19718 53 6883
40 74 44374 33 9980
28 12 22717 57 20546
48 39 22622 41 13031
16 79 27108 32 25608
13 39 33247 69 15214
11 69 15169 25 8453
38 19 42155 26 29286
66 53 31749 20 9276
7 4 32618 57 32012
55 5 10968 70 9223
70 2 1268 13 460
17 18 19297 75 11167
13 10 3956 56 204
17 13 36998 56 11466
67 68 23579 88 5025
37 58 43146 1 39734
29 21 3362 6 3327
37 22 42268 60 4345
4 78 7001 65 4173
18 9 44255 36 26493
21 28 9411 88 538
1 38 20925 55 3099
34 59 26731 39 9352
63 24 36645 76 2941
6 66 3926 95 2476
75 41 3899 10 1625
18 6 46917 69 5147
65 63 25406 74 9022
76 77 48240 24 43614
30 42 14377 8 14294
55 39 7838 97 5820
12 56 36596 22 17147
43 11 27382 91 1496
27 7 1870 26 218
28 31 5415 49 1481
23 77 5440 53 4555
15 50 7905 38 4646
21 33 29739 11 7502
36 15 24012 65 18771
13 2 43035 57 38115
71 78 12391 46 7352
10 20 36851 37 12689
60 54 25031 58 17967
74 14 45153 88 18918
13 47 23149 64 3852
19 30 24941 98 24789
35 61 34075 87 597
75 55 44626 10 3344
50 63 7192 54 5630
39 9 35975 33 18711
76 13 35456 41 789
34 76 24401 20 13108
5 72 8111 67 1049
54 57 15663 70 15175
64 66 49727 96 28696
51 74 50179 80 2927
17 42 44506 6 10232
15 28 14696 18 1677
50 22 18454 72 4974
34 10 7092 82 5029
33 44 13807 61 4558
60 52 1376 25 896
57 18 26244 16 5068
31 7 30040 97 9457
50 5 39459 88 18206
60 70 5422 71 527
1 71 28203 47 26928
9 20 48039 68 12397
61 7 46370 81 25070
37 62 37901 57 34411
1 48 31941 41 23886
78 67 26382 75 11449
64 35 19129 43 2658
18 50 3450 45 2355
23 37 44276 3 38837
22 32 21148 10 15937
11 72 32366 31 10007
72 1 31694 67 19379
21 50 21605 9 16887
76 64 21901 75 17083
46 26 43999 48 11662
75 1 48088 99 44253
48 79 38280 36 23343
58 69 36209 53 10715
27 60 23301 88 9720
40 20 6425 11 536
46 28 39179 13 24806
49 5 9126 4 428
35 46 9517 41 3382
51 73 18902 53 5235
63 50 24307 55 954
2 77 28260 58 10851
41 13 17358 72 2927
39 37 40301 21 38812
23 56 39516 2 33490
35 44 42880 2 11019
34 32 29063 21 24104
64 27 31921 1 8726
52 15 12187 54 1109
67 39 12392 21 10352
25 21 27006 5 9970
37 67 17010 41 4091
43 3 17195 17 16537
37 60 45467 69 13482
39 15 43536 8 21124
31 32 39807 43 10865
55 35 9161 32 9110
27 70 38755 54 2156
35 1 32749 39 5153
14 9 25267 5 1997
79 44 23068 61 5560
69 2 12839 74 3112
47 54 29942 84 17908
6 14 42217 34 15481
54 66 32945 50 4395
36 34 13886 21 140
29 27 15235 86 3947
20 16 4370 46 387
4 49 29427 60 12771
67 23 36899 53 23755
69 36 3996 58 2764
34 6 33216 46 10334
2 55 44856 77 15477
57 60 27774 9 24080
77 60 2243 77 1922
17 36 35942 67 7450
62 50 16880 2 13952
37 61 219 25 113
43 14 13754 37 5199
1 23 46993 44 34461
47 45 11370 60 2018
71 19 30781 52 3639
32 37 32035 3 4661
60 66 5549 23 5006
24 9 6322 81 5539
73 67 13377 84 4498
15 32 29655 11 10473
42 8 10275 25 2589
56 14 23368 54 8600
75 74 21598 64 12623
64 41 17040 88 9081
32 52 5538 83 1109
74 40 1887 71 1048
49 58 9290 90 6346
7 35 29462 42 10184
2 4 23506 83 9424
75 29 3531 98 1387
44 13 27570 51 19394
39 27 8230 32 2307
30 41 1885 2 1001
44 17 18400 12 10259
7 28 44580 35 28828
19 24 8999 64 3437
76 63 27602 75 17601
65 60 10563 5 1410
19 12 13850 45 5238
11 77 26598 100 15397
27 48 9688 52 3476
18 23 13897 98 6349
43 34 20480 44 6160
68 27 22335 88 21928
40 46 11922 24 4482
52 5 20144 50 12790
28 41 7312 15 6265
40 36 20289 50 361
3 32 758 71 696
50 63 25499 17 1192
50 30 19995 85 19306
21 39 29901 12 4107
68 64 7945 78 2433
54 63 23574 11 49
4 45 40544 16 15621
20 24 18752 98 13777
26 62 16249 77 10165
71 44 28039 72 17227
78 44 11582 26 9644
2 20 3370 28 990
29 61 44635 98 21830
28 45 43705 37 21416
78 41 45348 32 31543
70 41 13216 7 11547
79 58 24836 87 7690
66 27 27019 3 22999
6 35 185 30 130
46 31 36152 41 5978
53 76 31830 28 6951
75 9 20269 81 8522
10 44 4059 64 428
11 43 34658 54 15166
7 16 36494 30 31932
77 7 48455 18 30755
31 65 16634 94 12030
51 65 5527 2 5004
2 68 1424 51 1076
22 19 13394 56 11199
51 12 43216 99 28081
47 51 1037 7 776
35 30 11962 46 6385
7 39 5370 91 3217
31 2 556 80 240
54 25 46039 91 4586
27 3 16416 51 1671
23 28 42351 19 40594
75 60 31037 8 12437
17 30 41148 15 8462
13 24 25532 90 985
36 25 32631 72 31719
16 10 2751 75 2424
33 68 27327 8 13461
26 2 31072 56 19966
14 44 32176 90 25269
69 60 49154 67 37516
34 61 30094 71 23714
31 18 42585 6 1105
66 18 49465 17 30949
51 6 18200 76 5353
19 67 24460 68 8289
62 59 15099 99 9774
67 9 19375 4 11583
25 74 34180 41 27730
5 79 42809 81 35686
21 36 3483 46 3154
14 55 23452 66 5298
54 78 28717 98 28176
2 20 8712 74 2544
46 64 26262 94 2542
74 36 22865 16 299
18 58 10157 56 7582
6 72 38326 12 19298
57 36 22250 82 19410
12 37 47882 88 38208
58 10 6285 52 285
4 2 39186 90 13066
57 24 33996 60 11695
46 60 28259 20 4772
44 47 19286 48 475
20 28 10293 40 1044
56 2 18287 59 10252
51 7 30932 43 9071
40 34 22231 97 3970
28 54 20940 42 6594
21 35 35330 52 30935
67 37 2205 80 1493
42 60 11290 66 4794
15 71 40550 83 6520
1 13 27483 1 23036
57 58 13542 7 9005
16 49 22250 80 17231
46 67 29801 54 5663
3 26 30443 91 29218
27 48 10203 20 2765
32 21 10120 56 4096
8 73 30890 49 14749
10 54 42152 23 17349
66 70 28353 63 4020
10 45 48284 81 43160
17 44 49068 83 41399
57 58 8196 32 2849
19 44 4836 97 3164
57 17 28904 41 13558
16 9 4609 62 4168
4 26 37939 40 1545
35 52 39449 65 7667
49 34 9381 66 8271
72 22 15647 6 11888
56 14 44170 61 4913
30 72 23355 14 2449
31 24 40139 25 33913
25 74 33420 33 29345
45 74 41348 27 15619
53 19 10697 25 513
29 70 16200 86 15609
18 44 26281 12 24799
33 28 28846 19 23435
14 60 21301 37 18878
26 50 44580 12 761
64 48 39067 17 24207
17 36 38844 38 25233
37 26 21975 61 15321
11 40 1069 59 268
36 9 46043 13 18363
39 27 29398 87 21408
78 51 42817 43 34102
56 72 13906 62 11228
74 19 24504 32 16884
72 13 45974 33 20400
44 64 19756 95 5181
17 36 27781 81 6559
38 18 4727 10 1361
19 58 12678 70 4542
48 1 31080 89 9223
61 77 43210 95 29887
79 11 35278 74 27078
76 43 31238 18 16326
14 2 49772 38 30031
65 67 11664 95 6227
60 27 32491 22 10062
76 73 19112 26 8135
50 66 33865 1 16513
34 47 5544 36 4354
42 40 27088 47 12463
43 20 33680 52 16288
1 29 47564 64 41206
33 19 20537 34 7146
64 22 24376 64 6851
69 59 1423 88 27
61 71 14904 48 9748
68 69 37346 73 12974
78 49 4941 91 1533
65 52 41218 76 4861
41 38 44042 80 515
7 55 17983 4 2452
35 43 28579 53 5898
67 64 19204 92 15928
24 68 4838 44 3034
65 12 10832 11 5172
19 34 19902 92 10434
62 46 46790 46 35599
48 46 39880 32 39541
70 60 12319 77 8343
31 76 38711 56 31383
8 69 10170 69 9338
20 1 50140 67 47858
64 4 49506 28 48072
66 4 7978 97 862
3 9 35704 49 28596
50 20 25460 28 5012
53 40 48956 98 28581
62 46 44658 80 35304
33 47 30573 60 8391
28 62 23166 81 1200
40 60 16656 22 5753
33 30 9984 36 9029
68 18 35886 68 22984
30 41 37476 22 31152
67 74 48059 42 33394
79 67 17687 81 5806
40 8 5212 30 2262
73 10 6193 31 3179
15 77 36582 90 6682
22 7 46444 11 17773
74 53 41910 85 19364
31 78 6916 65 1529
79 47 24883 76 7577
62 48 35118 86 17716
54 25 34072 64 10386
69 40 2475 63 2073
55 26 39668 99 23116
42 60 17123 51 5305
59 14 13787 27 2
25 28 37548 35 10584
43 16 45441 8 19285
70 40 46581 49 41378
30 67 13077 61 8428
7 57 39206 66 523
20 2 5419 24 978
66 28 7696 20 3501
56 3 30037 71 29315
12 28 19617 28 2757
11 26 7989 59 2022
2 13 26346 55 24496
16 29 6044 27 3382
77 43 25781 64 1534
35 51 17898 72 13233
28 44 10197 44 6092
78 9 16779 37 11862
29 56 33216 21 28914
31 59 34856 91 1280
49 15 10502 17 8718
69 20 5731 13 670
68 42 34731 60 30333
73 1 36496 31 21656
72 55 36798 37 21551
54 70 47538 55 8570
34 23 27334 17 18720
41 15 46130 26 29462
39 24 46475 67 21549
10 64 28651 40 4425
34 48 41671 4 9523
43 8 4930 3 339
5 75 35930 30 8116
61 55 26752 19 13277
22 3 7268 93 6497
48 73 8758 85 2637
33 23 23893 78 19557
12 52 20861 32 12763
47 23 48740 37 46341
29 50 28568 74 21055
18 51 12943 56 2603
44 35 11335 46 1943
19 13 3259 58 2998
24 37 3944 88 2816
69 77 28790 69 26965
3 21 42303 59 19236
62 1 8369 35 6967
64 49 28978 68 18905
67 6 21757 30 16925
63 13 41821 94 40733
36 34 31997 74 18001
70 29 2771 20 2395
37 66 40219 76 10228
23 5 33881 84 10681
23 66 6670 53 4880
17 56 23564 37 22512
10 19 27928 45 20392
54 15 16640 76 9232
29 43 43840 37 16285
12 26 7928 81 2829
72 16 1138 6 808
42 16 11964 24 251
46 61 29786 62 25007
7 30 21395 47 15213
42 41 25151 92 13243
18 59 28098 29 20977
30 51 22971 46 7073
78 21 27675 83 263
23 20 38985 26 34481
57 74 32561 20 13500
11 37 40056 35 38352
20 49 19077 9 8372
34 55 19924 34 17077
73 43 47462 44 45328
16 40 4255 79 2356
24 18 9141 44 6759
8 55 14166 49 11762
65 42 15731 43 2026
13 49 12661 13 7125
42 3 15400 87 4713
68 29 49950 9 41945
35 73 10533 63 6145
76 22 18017 50 13954
44 40 40592 37 39897
54 1 19731 10 18736
14 3 11316 1 425
76 17 8896 13 5242
51 42 28110 12 27305
69 46 45485 5 33332
1 62 40244 90 22750
74 44 35027 37 6898
62 24 31520 6 18136
42 15 38030 93 33787
1 3 13312 47 6472
70 48 13800 92 1074
70 31 49152 28 10435
9 50 16221 38 9741
5 3 27519 100 25889
17 33 9661 18 3265
38 17 41754 43 32827
67 55 28687 53 10276
53 34 15786 92 2686
61 70 25220 63 18080
37 15 18637 45 6054
51 64 759 54 483
3 53 8181 86 2710
29 74 12854 12 6721
8 43 18047 56 10697
17 16 26595 96 3671
52 48 1351 55 235
20 76 6255 47 1262
12 54 31009 57 1965
15 72 4858 67 3843
66 55 48285 51 3604
54 29 42253 100 14106
53 47 6142 89 4594
36 32 10246 100 3145
48 29 42255 99 12180
66 1 20965 6 7449
26 29 10363 60 6287
27 1 21901 15 129
53 37 27408 39 12141
28 63 3355 18 1179
41 65 32863 59 5662
56 10 15232 72 5085
24 31 35506 59 13091
32 5 14280 64 2465
47 36 24476 20 3424
72 56 39193 64 34238
29 19 7928 87 2452
18 70 42241 55 24622
52 63 8152 96 1121
45 35 39554 79 34408
38 51 48934 79 23345
44 28 21957 22 12495
34 13 27362 23 25370
17 31 40576 17 23663
71 73 45704 97 25237
15 48 34901 84 1761
21 64 21237 44 5469
20 46 30 64 21
79 29 27697 17 26931
51 39 49167 21 40798
62 55 32093 39 9738
55 65 35705 93 1674
49 8 11277 51 5879
26 36 22976 28 14757
44 66 32027 84 7417
52 46 23021 79 4923
4 18 8096 18 3435
22 48 33836 38 32679
45 21 27882 88 11098
67 40 2532 60 1712
66 73 22106 18 18658
77 1 7090 1 2851
54 21 25122 54 1266
73 63 31673 12 7007
79 56 30414 65 18740
79 54 5941 27 90
14 44 1280 81 215
56 68 42589 65 38005
29 47 47571 19 8072
5 4 3233 84 2032
58 12 5785 44 119
68 72 22139 48 18908
61 26 49056 85 45052
47 68 18514 20 2338
46 75 19778 92 18287
77 28 9137 73 7300
40 30 6015 66 1669
74 40 14597 8 8995
68 43 3405 33 1787
34 63 4736 47 2690
27 32 19628 31 747
42 37 14299 28 5483
26 74 39251 39 29282
50 28 16649 81 10020
11 73 21353 66 1131
30 35 31895 6 14248
34 6 23218 99 11913
28 26 14910 92 5819
40 15 21579 22 16287
43 57 10866 49 5649
65 62 46128 35 11738
28 61 47429 64 36217
27 4 41976 68 11106
54 32 11864 91 3326
8 53 37232 20 8749
51 63 3840 15 2190
77 56 12378 97 5901
72 79 45209 4 11843
62 13 42851 97 34911
21 67 6302 98 2223
10 1 38367 98 4942
14 27 28206 7 11370
64 70 45326 66 1272
21 66 39523 64 26838
1 18 19335 29 10148
14 7 1039 15 703
69 50 31274 98 23429
29 45 44572 2 19116
11 57 4699 96 2668
55 39 5922 79 503
4 39 44648 1 9561
35 70 40944 44 39541
32 22 35039 23 34671
68 60 16864 87 16442
45 60 18162 92 3887
38 26 37262 15 6510
44 16 13246 78 2381
29 61 11025 14 8465
9 77 29162 89 25946
2 58 45207 35 30305
6 72 45816 90 2254
62 63 14033 89 12091
1 50 6418 86 4792
53 8 3790 100 3412
9 32 34450 1 18171
61 72 11134 19 3752
27 21 24848 5 747
64 49 3227 6 1585
6 34 42180 88 13758
41 53 34881 40 13231
61 50 688 28 510
78 54 3026 63 2113
9 3 3360 5 1123
18 45 984 29 747
52 67 48749 61 46829
35 34 4326 33 3363
10 26 33051 6 1089
40 64 48640 32 7379
66 57 25233 28 160
14 72 39299 39 19034
33 34 39243 20 12739
62 35 22401 9 20897
52 59 1833 48 1039
17 25 24771 32 19184
32 44 48814 62 20803
5 23 17121 93 12655
2 54 33142 56 22513
44 61 19128 23 16408
54 48 47173 66 26149
43 63 104 64 13
21 8 17107 79 11535
54 29 42140 84 17692
24 5 16568 15 14073
7 25 3352 52 3177
28 59 24646 77 14181
78 34 24464 28 16370
78 22 24315 63 5104
7 66 2797 94 857
28 53 45752 19 31422
76 57 40360 45 35755
33 45 44895 80 5207
78 58 11448 90 10058
48 58 43073 67 3381
5 17 11991 65 467
40 34 16371 19 13811
78 53 39358 70 37895
77 41 49740 79 1653
47 57 38341 39 27714
5 15 25103 35 15469
60 20 47790 60 34440
58 36 11360 55 4874
36 32 32617 98 20083
1 10 14727 2 12916
71 20 10083 8 3592
13 33 48870 24 44871
76 14 30811 30 7436
20 25 23433 65 2593
75 73 10074 32 2157
57 36 40620 51 5047
60 21 2198 98 1230
67 49 35571 15 9489
1 50 24736 54 6602
5 60 8514 69 6928
22 3 25762 29 9194
12 25 32309 47 21951
44 1 30238 37 25624
75 36 34893 63 31571
76 65 14817 44 13758
40 45 37912 20 2136
6 70 40816 16 28778
52 34 43210 60 12148
11 20 26247 50 4784
45 29 8381 38 4111
5 55 23955 57 18080
39 72 43039 32 8845
70 24 39565 92 7320
42 76 12694 2 4511
73 39 5551 34 2678
61 64 20311 88 19755
53 60 22927 55 17181
5 9 18905 92 5305
72 53 18320 94 17292
33 2 6869 76 2683
6 36 16109 3 12216
2 69 27058 75 15087
50 30 12496 35 1530
24 23 46285 45 44804
11 36 17196 74 12212
22 55 25881 59 8602
11 19 18822 38 16629
25 63 4328 87 797
72 42 35431 4 24747
11 62 24 15 21
53 19 26006 2 18307
40 58 43494 12 43437
40 31 44713 86 37374
74 38 39855 96 39044
76 1 50127 56 42136
4 21 40608 41 23774
73 4 20041 67 4345
44 18 12883 73 755
23 55 23612 83 7357
37 22 22753 78 959
14 12 7246 78 881
13 59 40407 42 12761
11 9 13721 88 1323
42 75 43440 99 41456
56 25 47542 4 4234
62 24 4359 45 2815
30 54 33547 9 27915
73 29 28078 10 15564
77 52 48572 79 44731
3 30 21749 51 11717
44 48 37293 39 14091
57 23 240 63 239
17 68 45335 85 39015
74 5 783 49 500
1 68 3868 66 2493
22 76 45514 83 26079
74 55 8011 58 7121
48 76 44945 59 33086
44 41 5168 35 1612
44 28 28281 43 8111
47 51 43327 100 26699
39 64 4472 9 1391
53 9 45024 3 8201
24 39 27842 1 23262
15 6 42498 72 35066
16 67 21925 17 13284
20 75 5040 15 4027
47 66 10825 47 10462
24 4 9807 79 7119
20 62 23094 58 12774
35 51 33635 46 12441
20 4 13542 93 5355
68 24 2124 81 345
33 70 4132 49 3809
10 59 43309 51 42573
64 43 25980 84 22315
33 62 28895 69 334
55 63 1715 56 482
30 66 44472 47 8269
42 22 23255 80 8182
61 4 5487 59 2293
50 67 383 93 370
57 67 2729 10 1106
57 59 30654 72 19023
16 54 35261 98 1680
6 28 15248 45 7751
76 43 34169 12 1710
35 39 44510 54 36655
27 51 11111 68 7088
10 50 8866 56 3902
71 75 16433 61 3294
74 4 33745 82 28084
22 34 19118 20 7404
57 15 21246 17 18896
5 55 27012 83 13779
37 60 19997 33 12308
46 4 39815 74 17028
43 72 10456 35 9318
17 34 30604 9 11088
70 23 2312 5 147
70 63 5041 87 1286
13 50 48977 19 32029
35 32 7629 23 4503
60 6 41070 18 7389
36 11 36573 61 25699
33 22 10321 65 3189
62 63 11376 26 5545
18 78 4756 54 4718
6 70 47678 58 19270
79 4 9339 80 2108
43 19 1617 45 1510
67 33 15740 31 2461
24 26 35424 71 7291
13 56 37614 5 2482
40 31 10938 28 5458
42 53 6503 60 73
19 49 24388 69 5759
67 77 35805 64 18693
68 34 41892 75 3884
17 12 816 49 395
14 19 49481 94 3754
25 50 39543 41 1229
8 58 19336 69 8365
9 56 34650 52 34083
14 11 31649 46 19449
34 51 4299 26 1460
31 32 13381 17 8440
6 62 26523 35 15246
62 11 48738 43 44051
65 55 28322 91 11650
34 67 39077 61 10144
42 57 16036 9 3297
66 19 38427 45 4778
21 47 36041 61 6545
38 62 2491 23 681
1 35 37678 57 17130
18 40 14781 12 3382
14 16 9288 97 4708
9 56 22113 88 16443
16 76 9151 99 1468
63 48 38857 31 7994
53 7 7626 99 6728
66 70 6613 45 4949
36 27 9286 100 7010
70 55 47232 39 25360
25 47 26615 78 23267
44 54 38864 37 32964
11 59 27757 9 21195
67 46 28102 82 21308
50 45 14618 99 13408
34 52 38467 58 16341
21 42 26322 23 1553
34 43 14245 11 3212
35 76 22302 11 3854
22 51 41969 15 34792
23 35 39047 83 22262
57 29 1499 69 234
79 36 4612 50 2582
78 9 25247 67 7679
4 26 4253 61 2673
38 12 40286 75 7901
56 45 50137 53 47716
27 25 13013 26 4875
18 39 11541 35 5000
48 31 2269 86 651
50 42 2568 59 1517
34 71 14592 42 3087
17 40 27479 66 16067
27 7 48260 3 22437
17 3 22019 46 17413
47 78 38575 35 451
59 46 18768 5 5457
53 44 2657 6 494
68 52 22279 54 19661
14 58 47763 74 25665
19 12 29156 24 26916
72 79 9629 94 6844
34 61 11806 78 6955
45 15 39930 40 33178
62 59 43661 72 19708
56 51 748 30 411
37 62 29140 3 4440
54 67 36554 16 17781
20 16 46197 49 14392
32 59 48154 62 22709
42 46 45265 41 16216
43 65 45547 31 11207
54 61 47695 88 24167
70 45 7553 28 5242
53 22 19493 32 11967
39 41 49543 100 29728
51 38 7569 79 926
39 56 46601 33 4325
12 48 24941 83 23745
2 56 50004 90 25648
9 18 30243 1 6359
54 62 37469 99 36661
3 59 33512 29 17507
8 15 39108 14 11430
77 21 35639 47 31582
77 58 41693 95 2310
38 25 45159 90 21908
16 11 39732 47 36193
34 60 36447 71 2815
63 66 4747 79 699
49 74 32200 46 10050
69 35 12642 88 2543
21 24 8121 71 4395
54 59 38294 76 19847
52 75 29202 80 14415
77 57 29249 54 9703
6 76 8593 81 3154
3 70 48307 37 26093
76 11 16039 30 6023
24 44 9326 86 2714
12 57 37451 73 22050
23 71 6618 11 5091
41 6 46200 6 24207
50 43 13883 21 5379
31 21 22844 74 13473
59 20 37792 11 21247
48 6 1780 14 1683
16 9 34496 82 20863
24 23 19572 43 11364
40 24 30960 12 29237
78 16 35975 21 21275
61 34 46305 95 28701
8 39 16654 64 16469
73 15 18124 46 6618
36 68 13867 64 132
46 40 26950 14 12596
18 30 35964 28 15702
22 1 39577 97 19482
76 25 31145 77 16179
45 63 25170 63 15874
70 65 44130 39 5973
58 41 48653 45 10174
12 68 8296 19 5756
22 53 37154 67 8503
64 20 20416 23 5888
5 56 46236 73 33070
49 24 2384 27 2014
18 62 29045 55 15319
12 52 46474 8 18116
34 51 49891 54 1336
33 31 93 52 2
8 74 25612 64 21824
9 68 434 42 393
75 36 772 57 683
62 70 17864 93 4282
16 30 8780 44 4217
4 29 7463 77 4556
62 66 22185 51 12515
36 11 4570 2 3848
57 63 18243 88 890
36 46 28161 60 24949
62 47 25176 55 16775
36 23 40654 7 39297
77 54 37873 45 22717
49 34 23152 1 10863
4 73 38014 4 25382
15 57 50109 31 49748
44 28 1087 83 13
75 35 13603 87 11109
36 52 15597 57 10224
57 21 20474 49 9591
5 76 4003 63 675
36 41 26123 68 11531
56 22 14204 21 7856
70 25 29343 47 21415
72 79 39321 1 3956
5 68 16194 2 11323
10 77 43273 36 2836
66 37 36375 39 3956
47 26 35221 2 9487
3 12 47852 21 8776
78 51 8522 88 6256
10 22 43057 20 7414
49 15 3980 39 1330
78 40 1490 65 765
15 28 27383 63 21854
59 55 42929 63 31595
78 14 34238 77 30476
71 79 34759 81 28382
27 79 23006 92 18131
73 50 3250 50 2921
34 24 13090 81 7292
33 8 19427 71 10031
59 22 4132 43 649
43 9 48264 22 35813
45 65 13621 72 1365
37 5 5554 84 2942
56 62 26875 55 4593
15 52 4899 6 799
4 55 17223 37 628
7 31 41077 42 17550
67 24 24043 10 4610
3 9 32588 11 25591
73 31 22427 82 15327
49 52 44365 55 31028
12 50 27305 62 19593
15 73 29247 77 24148
69 40 37560 61 32180
25 76 35263 72 6407
59 41 21263 43 8172
16 54 48935 41 295
39 44 12937 5 4998
22 59 30774 76 28809
29 56 14722 94 4359
44 24 4979 79 742
71 50 4093 99 1838
44 79 31065 16 5557
43 55 1801 23 661
21 14 42667 32 24459
76 57 40333 91 11983
50 13 32353 9 2633
35 65 23542 99 5870
27 79 22378 15 15573
73 60 6065 53 5328
72 55 28881 98 17615
52 3 27017 89 15301
21 69 10810 100 7908
10 57 19174 7 16463
7 70 20348 94 7007
42 6 35844 28 4721
42 14 47397 4 26260
30 71 18775 82 7422
2 19 12186 84 11963
67 79 41794 20 310
27 72 22287 71 16563
56 41 37200 72 12819
19 72 46307 63 7790
29 50 4497 40 3143
22 1 46398 48 37029
62 55 32885 30 5086
20 73 44686 6 21522
62 49 39166 29 38174
40 61 12131 29 5577
64 59 37083 51 23435
47 79 17913 87 2241
71 56 34902 62 10895
17 41 13165 39 2190
54 5 26373 51 11650
47 4 47730 53 27120
32 29 42716 18 39521
25 31 42842 96 829
17 1 9692 12 6168
19 43 26248 18 3919
12 5 25808 94 24240
66 44 24886 6 10323
43 55 17310 12 8639
51 45 15822 27 2118
42 24 22381 78 14078
21 14 25019 65 20344
40 45 27487 6 5847
55 40 22892 50 10408
38 58 47809 21 13771
66 48 43727 74 2515
17 26 22287 55 7112
46 21 43919 15 34157
42 79 14668 80 6183
39 5 46985 83 25137
61 12 40477 81 17474
77 18 23619 88 11274
77 70 25351 33 2875
37 41 41488 7 30763
33 24 43155 70 42469
48 54 29151 14 26670
32 41 42453 67 19662
4 16 14616 18 13018
68 25 38863 42 18523
42 32 12564 51 2300
57 40 26853 50 12050
70 16 9738 37 4192
69 56 10546 35 3253
71 42 47582 50 43004
10 59 42456 83 21452
46 10 38758 43 24101
63 15 19495 46 12532
19 77 30637 23 23384
41 12 14129 100 9385
38 42 21350 58 8225
64 11 37378 97 2198
67 71 22934 51 563
66 79 24718 73 2821
54 22 43912 95 25057
38 55 44136 27 38867
8 21 40789 23 38131
73 55 25226 75 20568
46 66 3966 79 3958
4 5 18782 63 13560
65 24 44543 55 1452
5 45 2132 18 1401
35 77 40388 12 16691
74 23 43223 19 38397
8 29 965 57 541
56 26 41506 20 27846
25 4 13815 1 7388
38 72 28241 25 15098
10 19 17169 94 2293
64 12 5977 22 1011
61 74 8677 31 599
77 60 5461 1 155
66 5 30073 88 29997
32 37 19448 66 10392
35 62 440 20 317
11 60 36359 49 2059
4 75 15349 63 11327
70 43 8365 70 3265
3 56 24926 93 13794
21 1 22329 70 10596
11 78 26940 30 23248
40 31 29869 11 7654
8 41 30816 54 29657
1 74 48961 15 4215
35 74 32977 35 20893
12 41 14699 90 13451
13 40 40551 89 15864
63 44 11739 70 3183
31 65 4258 46 2486
65 3 43444 33 7982
30 18 14174 44 4284
61 31 30836 39 21638
66 6 30835 67 5991
43 7 31331 50 1921
73 48 41354 63 23025
70 76 8807 83 7292
47 51 22798 17 21429
4 75 49856 95 34046
65 55 46316 50 7907
9 41 45760 23 34132
38 66 27135 66 16469
45 18 39314 76 34578
66 39 36600 94 19510
9 69 5574 35 5329
70 26 37612 36 32957
77 29 43574 21 9102
67 16 13868 47 11544
69 22 18493 48 518
55 65 43534 100 10951
62 55 14343 65 11783
62 9 27490 97 1101
35 54 9447 90 5512
27 19 37666 4 9743
60 71 36533 8 25244
47 2 28371 57 9806
5 32 4051 72 1242
5 21 42742 65 28751
29 16 19330 54 6603
5 34 22049 54 9676
55 42 38159 80 34734
22 13 42619 38 40740
48 69 12845 56 4040
49 20 22502 53 16425
25 31 30650 58 9797
40 75 29053 37 25313
25 53 30309 64 27706
67 3 6978 8 3559
25 59 49377 51 46535
66 46 1363 47 432
50 70 37204 2 5002
78 47 41746 83 21860
22 75 36372 31 24768
71 40 2231 41 1346
58 54 23008 57 6389
59 66 46593 13 6366
56 33 47458 86 44675
72 60 19458 60 9823
19 14 40834 68 28065
77 65 1604 81 119
68 77 47811 19 11636
25 71 15120 46 9888
69 49 45172 9 41735
24 71 22548 49 5587
55 40 1482 83 492
52 44 44154 44 11691
58 67 27810 18 3808
41 70 23880 13 691
29 13 29804 3 890
28 17 49995 66 11502
79 74 19923 18 7553
64 21 5351 56 4088
78 72 7762 81 4509
64 28 30943 2 19995
9 45 42052 76 35797
60 14 4729 99 3723
70 59 18724 60 9165
26 59 44540 40 16885
6 28 31577 13 19943
22 74 12018 90 2636
48 33 4790 14 3681
6 74 44376 3 43416
63 35 43972 4 29928
76 4 10110 45 8422
77 43 10495 27 7556
5 47 32897 79 9305
43 26 30010 30 12512
53 3 38893 7 15574
9 33 41425 45 13895
18 5 12146 36 217
11 53 8761 70 6800
18 40 37244 34 26222
52 43 28000 36 17182
43 28 32353 98 1571
31 47 11123 19 5771
24 3 8412 91 2783
42 46 16819 57 13654
35 49 1779 54 1287
5 30 11467 60 8733
3 36 1170 25 586
51 3 47057 25 39255
65 58 27751 100 17224
20 67 35573 1 15198
37 10 2474 10 688
75 47 19497 86 17164
57 3 12326 19 1954
25 38 15857 39 12946
49 38 46473 51 24492
57 79 22437 4 14640
7 54 22779 38 22153
54 70 45138 19 45119
19 61 40817 77 8132
74 44 11118 74 1636
71 8 19291 37 13152
60 64 540 68 2
42 28 6535 28 3816
43 75 26060 19 6809
5 24 32915 9 24703
41 17 1797 55 1531
20 1 20782 55 8742
64 24 25198 97 4659
11 50 39507 12 20368
30 31 25791 77 3316
64 23 33657 71 1158
40 39 47232 35 17480
5 53 34807 16 33213
75 6 38517 8 18798
31 62 16475 51 9824
8 12 17246 8 13330
30 7 18105 25 5729
73 53 31237 81 30200
1 20 17187 50 3214
55 42 29662 100 497
63 70 18911 17 12228
5 26 24663 37 20686
1 71 16400 1 5413
58 31 13034 7 12875
77 17 27842 21 5860
50 76 47147 27 15033
8 58 46571 76 41801
37 33 26918 34 9510
58 47 31149 23 13744
50 59 20512 22 984
37 78 22590 27 12711
37 75 40313 69 4124
26 28 32032 57 29889
50 61 15842 77 12003
5 26 37912 65 2208
26 48 26556 57 9265
9 18 25372 37 6212
75 40 1974 35 28
77 41 4548 44 1683
62 20 17491 72 4034
23 66 37448 92 24317
16 74 26877 33 8514
30 8 16520 74 9139
27 32 12216 80 10307
3 9 12777 38 6262
10 56 22855 73 9360
54 41 30536 51 10351
19 66 24321 50 16251
10 26 27409 18 26761
66 60 30086 20 16814
16 1 36701 61 16387
28 20 12925 76 5398
35 23 4497 28 2852
44 68 2464 20 2145
13 39 34733 54 7440
3 4 38958 69 30510
56 76 49146 58 23974
2 77 7990 99 6020
74 32 11584 7 3699
8 61 26230 12 25165
8 68 14889 18 9986
47 72 49950 84 9918
24 50 9152 47 8068
68 72 41854 10 4828
18 73 23128 42 19408
70 66 14821 13 12261
23 48 16755 74 15963
27 10 6480 82 830
56 27 28894 52 3618
32 36 9562 48 8029
21 17 33905 26 12718
36 1 40163 94 21008
21 75 33776 66 22100
72 34 3865 26 2775
55 54 35435 40 14212
19 11 19759 35 13557
6 35 310 51 141
44 76 15135 12 3523
59 54 39643 77 23675
78 32 33758 94 23772
40 35 9954 7 7951
21 17 48341 9 41623
31 16 13378 16 7826
67 3 7828 20 1049
60 35 2650 97 1546
31 7 46158 92 9944
45 71 24508 42 21238
20 8 34417 1 30884
40 60 10469 18 10398
26 76 32844 19 6879
76 28 11888 33 4237
50 32 48663 63 35717
41 63 24043 17 2258
70 58 45066 28 44444
53 56 48587 28 36627
61 48 4130 88 528
63 21 46973 86 40033
3 7 35743 23 2554
31 15 38507 95 14663
24 75 8556 69 2405
19 7 8178 85 893
8 33 41735 81 15349
23 15 22098 41 17456
60 62 28599 37 4154
73 10 49846 34 13065
43 72 28658 18 27590
72 67 35960 81 35943
55 60 9078 77 9069
30 50 36858 46 7122
57 55 578 19 418
9 56 45502 27 28383
57 55 15673 89 9318
6 2 21250 45 4460
77 1 29344 73 13093
79 45 14223 91 7045
27 15 12967 80 3814
7 62 27096 31 10741
14 53 44143 58 38128
48 58 26762 61 703
41 15 46375 30 22263
25 10 896 19 251
52 11 22365 92 19868
7 37 41536 69 28144
77 64 40881 62 40183
51 22 14095 93 3815
6 30 6934 61 2153
56 14 28668 61 12332
78 23 20178 49 18419
35 60 25168 52 14742
19 12 23937 89 12322
14 26 48062 73 32333
78 79 15006 59 11883
70 17 30552 40 15249
51 4 7683 1 3244
17 56 49297 97 37479
16 70 23072 69 16124
77 39 31859 90 25497
35 60 22079 3 20613
68 49 44609 41 9739
63 51 31213 27 24295
70 54 22009 6 9396
31 28 20422 93 58
14 41 4104 10 606
10 34 8526 49 352
23 57 47620 79 34637
31 23 4073 74 2589
49 3 31540 11 18092
8 32 38281 88 28345
29 33 31139 19 2993
22 20 16854 51 9069
70 63 27422 77 12761
44 58 28646 30 12911
68 74 28582 48 5263
6 9 129 21 53
68 73 42388 90 23926
38 69 33056 5 14382
39 3 35992 51 8457
1 73 11599 55 2481
52 72 10427 46 4433
14 56 30159 32 10840
63 5 26939 91 25535
22 71 35118 59 11603
1 65 37361 67 14671
73 36 42770 98 12840
27 75 44951 47 12619
71 46 27195 59 551
31 24 44881 6 27002
45 78 29095 55 22820
61 20 47371 62 5120
32 11 4361 45 554
50 25 22798 92 4862
61 2 20809 37 8118
44 52 29281 51 22476
2 41 2621 63 1924
56 41 44168 65 15253
33 11 27955 6 24128
71 30 5001 35 1279
60 11 45436 45 9392
74 51 49499 52 23414
70 14 16850 61 580
43 27 6899 98 4691
32 71 11974 47 3842
42 64 34848 97 1622
60 41 41554 9 18298
24 29 28711 93 12845
50 36 17855 88 3457
8 28 3696 54 95
60 58 48229 23 38813
52 22 9603 62 2174
35 14 8119 54 150
31 1 8798 76 2838
27 6 7525 4 1660
27 40 2690 52 2174
76 42 19278 72 5027
46 65 14594 18 14415
27 74 4325 47 3524
44 75 22797 49 16879
28 43 33430 91 29107
67 31 42511 24 17065
70 3 25697 50 4252
10 26 11047 46 9284
8 66 39793 12 24383
71 48 19199 26 14274
74 59 13116 79 1352
42 47 15447 34 1489
31 49 2038 73 1359
68 50 23249 93 13526
16 53 10056 13 2506
66 15 21866 57 1054
56 2 17135 59 10210
38 33 42357 98 19467
33 5 47882 91 29626
72 73 11527 36 5221
68 59 37774 65 33602
46 22 41319 75 13837
5 43 45074 75 38363
46 8 18769 80 3910
18 36 36532 63 7520
37 15 49949 10 40166
9 74 40291 17 10397
68 8 16659 97 1131
17 11 28884 46 23363
72 73 33509 8 2214
79 36 17515 43 9917
74 22 9281 30 1297
36 38 6100 56 4044
45 1 5173 51 42
72 68 45760 93 8344
58 42 7701 98 1793
78 16 14342 41 12880
71 44 47595 70 4883
65 10 2432 53 1011
2 14 17366 66 3481
31 24 1477 40 582
18 71 46266 77 38133
53 73 11913 53 2065
55 7 30866 93 5246
19 71 38314 7 10510
67 4 30496 14 22576
12 45 19599 88 2689
55 56 41984 64 32862
54 49 19566 83 12311
74 4 3955 71 3558
65 16 9247 3 1815
34 66 14264 37 10998
2 41 34194 51 23552
58 21 31691 74 3223
39 59 36861 64 33582
52 28 1666 86 647
51 71 38720 44 17768
51 62 9990 39 1059
34 57 41208 39 14279
78 40 17364 23 12877
39 19 38089 21 6835
45 59 13750 51 8430
44 74 20744 96 12628
71 12 14390 48 14017
73 10 21428 89 8189
77 17 21016 38 4795
50 21 829 69 700
69 26 37238 83 22738
66 2 15265 40 2743
62 67 4582 67 2354
17 13 24002 92 13502
70 38 6149 38 1667
26 78 33121 25 32085
66 52 6883 15 4747
35 14 23393 8 2089
11 60 6428 98 1149
48 57 2626 52 179
45 37 6047 7 4559
66 41 15880 16 7283
66 64 25867 62 23082
34 8 1250 51 774
33 29 19918 28 1497
45 66 516 45 427
19 70 18920 79 6335
37 57 33321 55 25159
62 9 28306 14 26883
30 48 17781 18 777
9 60 23944 24 682
8 16 22148 53 2027
62 17 23024 63 20814
63 65 149 4 73
73 59 23503 28 9843
11 43 40707 17 32785
33 1 21570 33 6956
30 47 48055 33 43425
61 5 19353 91 6252
15 39 33416 41 29882
28 35 7577 88 4798
9 24 42200 8 2718
69 59 5073 25 2163
64 54 25606 64 21541
73 32 15757 93 14517
4 67 32808 38 5992
57 44 1423 36 1359
8 37 12386 49 3898
75 35 48495 52 30186
58 41 39466 49 19542
58 44 43142 61 33254
11 49 2988 17 800
59 75 10200 85 2796
75 73 6586 18 694
16 40 22852 70 3441
33 74 33161 63 16207
9 33 27775 61 9054
24 4 30451 8 16138
57 65 23998 30 12228
29 45 44501 4 24559
20 53 49399 20 31848
30 54 4048 15 441
6 76 46968 21 38802
11 40 17468 71 12952
68 14 47053 6 41385
57 59 8124 58 3882
47 42 1643 95 165
45 74 24975 17 10043
47 39 37886 35 24588
10 48 27256 33 17626
68 15 23982 59 6568
64 10 18198 19 7707
10 78 21884 86 19115
27 22 14731 95 2398
74 9 559 13 48
50 66 11710 32 6296
6 60 28453 23 26819
70 20 1002 93 652
62 19 38926 90 2569
25 40 29418 51 10561
69 39 29032 88 8482
32 15 14862 45 1557
57 34 18452 88 15657
74 76 36092 38 9818
78 17 35023 8 13813
1 13 42566 24 13244
12 17 27091 86 18267
13 24 39136 47 12788
43 69 5502 38 1234
69 33 25119 78 19424
18 78 44645 17 25200
9 32 35628 43 8359
64 37 40646 47 12091
5 20 48067 93 31251
40 65 44233 22 456
6 58 7210 58 5106
33 17 9286 30 3225
11 26 14338 32 491
68 13 27666 85 10778
20 8 24914 85 4186
47 34 15376 43 9426
65 53 49885 31 31000
22 44 22535 76 17715
28 73 32700 39 27803
72 48 3498 44 3444
19 3 5970 64 2219
11 3 32225 53 14374
10 27 330 49 163
34 57 26 83 4
56 1 15768 38 14296
20 39 33854 90 1627
42 41 7461 93 4657
4 56 1069 29 494
22 11 14364 100 12121
3 11 19620 52 12240
32 43 29593 73 17461
3 78 12842 91 1601
36 78 15678 51 9175
10 21 21659 39 10446
30 4 8935 98 173
21 64 34354 54 12551
60 40 20351 32 17955
25 14 8833 98 4009
28 14 4951 44 3328
75 23 45085 60 14520
76 27 30112 65 2320
62 26 22494 27 1313
67 52 49937 54 17663
69 65 39433 40 21177
35 71 33952 80 29084
57 11 13863 10 13453
16 40 3677 70 2137
70 51 28397 12 14653
16 37 43901 2 26861
58 22 32667 93 14823
74 13 16117 39 7734
48 43 23707 32 1593
10 12 26582 66 52
56 11 9537 79 8745
23 51 161 99 21
38 6 13884 15 308
58 1 10410 97 1801
28 64 1767 90 1667
47 23 45930 47 41921
62 77 11788 95 9264
35 64 37064 64 29182
38 8 43522 42 718
60 76 31673 74 7036
35 40 8919 22 5724
22 38 31029 54 373
29 31 18688 84 16259
2 34 31311 34 16835
13 73 50175 29 35846
78 34 32479 100 8058
70 34 21286 14 9895
28 45 36605 32 15277
31 66 21803 97 8260
3 61 2808 58 1629
60 29 21334 1 13401
48 61 18806 99 15121
75 28 28078 98 3881
58 37 6315 64 2090
71 16 28316 93 325
13 11 23578 5 3802
20 2 25693 65 7342
22 2 48201 64 35651
11 45 39402 98 34566
21 49 37377 3 29110
44 41 9223 10 1362
26 30 38849 89 4014
57 20 17562 26 2222
67 3 34350 97 28215
61 50 39536 80 13596
46 62 21323 33 5923
16 41 41658 12 5591
36 15 33759 44 27520
51 48 48538 41 3060
28 8 38184 19 21580
77 2 38190 46 19336
27 30 16018 29 5150
18 27 46629 33 45909
19 17 10384 98 8761
69 3 9169 63 5305
33 11 45963 59 28952
56 10 2877 50 1380
17 37 48128 33 14691
40 50 39386 77 23973
18 30 43589 77 35866
37 16 25632 13 11787
7 3 48840 69 5343
31 66 3763 25 3010
47 64 43549 86 11633
66 18 23410 42 2272
39 3 12403 63 12157
19 59 23660 43 12818
46 62 45204 36 40835
43 38 21941 81 19553
36 71 5226 51 5179
13 61 39133 12 4027
53 75 26582 42 15106
18 8 36452 82 14695
31 57 37686 87 26999
22 26 17953 42 14277
45 37 5617 96 2153
73 9 19550 85 16267
77 62 38829 11 31417
62 2 10531 85 7022
68 35 17106 33 14964
75 17 12037 58 11110
72 21 25439 45 15043
68 77 38397 1 27660
71 4 15028 30 5617
29 52 41730 73 20272
5 70 45694 5 8346
66 54 27028 21 22619
73 22 12540 11 303
19 65 3858 56 3744
43 45 8430 78 4058
1 69 12294 17 7439
36 1 33894 58 28440
17 42 40946 14 26558
61 54 49752 34 15619
33 18 20602 70 376
4 7 36691 12 26873
22 57 25852 53 10425
77 51 25006 51 4670
64 58 20444 64 17901
66 39 3142 1 2070
28 73 32664 66 24812
20 37 42121 63 2225
43 35 29189 49 24663
37 1 2008 93 1655
51 20 23531 2 10270
14 11 47461 73 14737
74 58 48368 67 26374
65 57 12538 81 8256
55 57 43785 82 43344
64 70 17205 12 6472
75 36 40448 98 28204
49 51 48975 54 28004
56 1 2445 42 1269
9 23 20363 51 16737
72 30 40791 44 34624
27 28 531 43 295
46 43 26536 55 9221
34 11 29302 65 25967
62 46 31699 95 5721
19 32 5272 53 2834
14 7 12474 98 11524
65 9 6017 29 3195
39 21 38582 89 492
29 36 6258 36 2149
24 45 1127 13 371
39 32 43864 74 18976
37 46 29975 3 8907
37 2 49115 53 22734
4 19 3535 33 2166
72 74 26002 50 7239
15 71 10092 6 2104
54 64 48962 49 38169
49 72 42824 69 1161
51 43 16513 19 5957
42 8 23089 97 3752
3 69 46276 76 3389
75 8 45190 22 41351
31 52 18952 68 17800
7 56 5995 30 1608
30 16 47330 53 45164
27 6 42531 4 11523
52 26 44718 60 35460
38 32 19671 87 1734
47 66 24564 88 695
54 55 44169 71 11144
22 12 10378 60 4927
5 41 49823 59 25824
22 30 44801 71 42521
53 60 25038 13 23465
20 58 33911 6 8185
16 79 9315 6 2762
19 27 6758 86 6557
59 73 31061 69 11960
7 50 42369 10 7629
46 32 49052 12 35752
5 2 919 44 109
3 48 25676 97 18975
29 64 5607 31 2538
58 12 25708 75 6522
27 1 14618 58 5199
42 15 45190 26 18744
52 63 49246 46 44736
50 22 7289 30 6744
21 42 21979 72 3599
43 36 26667 60 2500
15 32 40123 58 13229
41 15 7058 28 5117
57 2 23136 17 13754
47 55 31238 93 21336
16 32 24723 8 5496
69 70 9572 22 2104
11 56 6445 62 5947
47 78 23371 37 17028
74 72 4918 19 103
10 21 11212 100 3335
44 37 34562 95 11872
78 45 40686 10 35550
36 22 29464 38 26065
73 9 42283 37 32131
22 69 7916 44 1365
49 14 46332 40 11551
42 58 38312 49 4829
24 35 22030 67 3779
17 11 24437 43 4083
36 37 1737 2 1223
24 8 30910 62 16620
60 75 40421 3 3748
75 22 28383 83 5815
53 54 1549 63 243
9 46 14900 84 5249
41 36 8975 5 4810
9 50 10269 29 7753
53 64 26745 21 8326
19 29 17335 45 13765
38 41 41806 93 1013
68 31 25920 55 20743
33 29 48168 34 26931
15 21 37908 66 4659
39 46 46623 31 27939
11 4 42556 98 22777
59 42 19547 7 3292
15 22 13834 92 11245
13 64 46163 3 29183
9 54 7897 53 2092
21 28 40841 84 25738
63 38 37820 43 7512
23 24 30966 38 10915
43 4 25346 37 12806
31 13 34417 15 27056
2 3 24217 58 15110
71 44 8389 41 468
64 8 16976 95 13458
18 60 33485 30 33470
11 5 36133 47 29709
79 74 14274 91 10507
39 59 27510 69 8704
27 8 37213 30 24459
25 71 9528 4 2401
64 19 39968 41 4931
11 2 566 85 462
65 64 1516 41 233
31 37 1784 10 1016
53 65 44394 9 10231
38 24 14415 17 8279
11 51 45024 57 15235
68 21 47500 43 33429
19 65 12167 100 2121
77 17 49960 64 20040
35 76 46185 36 35258
16 2 36167 48 30594
7 73 39362 59 4851
73 30 6931 55 3581
56 61 31789 3 12237
12 64 27489 85 5201
20 19 30552 55 9654
25 69 42884 30 20693
29 74 43984 99 18764
54 34 28843 65 7370
74 7 44666 4 27058
28 29 25905 49 5909
53 37 30216 50 2111
33 49 50055 67 28136
28 50 41310 36 40297
45 14 45802 66 8790
31 55 96 3 43
28 20 11335 99 7820
17 2 35105 8 16130
45 53 20170 7 19222
63 49 7847 84 1771
45 65 37899 79 34487
49 66 49448 33 30668
77 31 13611 82 6142
55 7 20143 48 5695
13 61 47719 44 26535
63 21 43959 95 20736
49 14 12583 66 9813
68 46 47291 54 6860
9 52 46034 71 19210
2 4 16502 31 3576
11 41 4226 50 3524
46 14 23488 4 10669
2 58 21750 62 13177
75 43 9910 89 443
78 55 9911 75 9476
69 42 17877 54 1748
17 79 14591 43 8217
78 4 11207 44 6017
48 61 15206 33 14593
56 75 35448 100 26554
72 35 21665 48 20499
2 46 49666 62 40107
14 36 11128 47 7104
26 46 39545 13 23497
72 38 34222 34 32373
17 78 25584 38 15230
51 69 36061 77 28084
50 30 42740 76 2400
22 65 27450 49 7385
58 27 19922 46 4317
78 59 29687 72 25577
9 52 19357 83 9265
31 44 22177 73 621
77 4 7496 25 7452
18 38 23787 30 4144
40 77 49797 72 19033
27 9 21 24 4
10 74 26575 58 5210
46 61 28962 48 21488
40 30 48973 48 23589
48 13 27206 50 24660
9 75 42284 60 25728
71 59 22529 77 7245
27 49 37347 57 34856
42 26 32424 76 3881
35 2 28790 87 13187
71 53 34861 4 18177
61 50 33312 77 12907
73 12 2633 10 960
75 43 32389 16 6705
25 3 47118 26 23501
53 5 7512 5 1428
11 72 24765 95 6000
17 65 48743 36 58
68 14 24276 19 6970
33 49 46352 24 45675
17 49 11136 82 1909
67 25 37381 86 31560
29 33 1337 25 1332
52 15 31949 32 4544
14 74 21839 60 17174
35 38 5165 84 2920
9 48 26211 50 16212
9 65 45714 27 42086
55 36 49989 42 33873
33 27 24013 84 20314
28 24 15770 93 3819
28 31 17527 1 7679
56 24 12271 94 1927
67 32 44713 80 32085
59 46 25670 88 11118
38 51 46350 66 39411
68 72 42893 38 27819
19 42 23701 26 7600
23 62 30638 53 11360
48 31 4360 74 2453
18 62 40564 37 4948
70 9 33297 14 32309
7 71 47741 3 16388
10 56 33842 35 28621
31 13 32087 65 23938
11 77 5988 22 624
26 46 555 99 172
7 15 9983 30 5761
33 59 25452 23 3381
28 63 41667 19 11260
57 20 27504 64 25149
43 48 32920 21 1732
28 34 8679 35 6614
45 69 18146 8 8226
13 66 48532 62 12388
54 58 45515 59 13111
79 29 10659 67 6107
66 24 1603 5 1468
76 3 13294 41 3118
41 79 19685 51 1343
58 46 2908 34 227
21 4 24267 51 13269
33 36 10469 82 9862
26 11 24722 85 20132
53 9 38475 22 25339
29 52 48782 15 13551
16 63 48283 14 13571
19 78 29948 75 786
1 22 3671 34 2011
31 12 9817 90 6856
51 75 21463 12 17853
10 13 8736 41 5845
25 43 47236 55 10151
66 41 35363 100 8971
39 44 10667 45 6798
76 33 9378 25 5671
8 6 25318 50 17696
75 46 48874 97 36994
25 56 34914 63 25470
77 58 25131 84 13636
33 18 13735 93 7559
77 45 31124 39 24038
44 32 28538 4 13795
57 62 30039 36 7641
23 77 29656 52 6834
7 36 6209 13 288
26 11 33657 36 5128
56 7 46773 75 10766
51 23 2416 1 2341
58 73 41468 61 2708
72 70 29874 28 5617
13 1 21797 76 5751
38 58 42422 7 30362
50 16 18149 8 1018
69 2 11314 34 7328
12 44 47224 61 41340
18 4 19072 97 18971
28 73 26031 10 24028
16 3 18094 51 3352
70 50 14864 79 8829
54 22 43246 90 19781
23 51 12246 77 6375
79 68 43769 20 21174
10 46 19179 68 5732
33 67 13675 35 5057
28 47 33669 67 23279
74 32 7648 59 2439
53 33 26063 96 15456
64 48 44324 78 16800
5 54 21134 62 10004
17 58 37416 37 26142
70 24 4935 43 3957
52 58 22239 74 19101
64 58 26002 53 4688
74 29 38350 73 32698
29 1 47610 56 24481
3 25 29224 72 11780
65 17 14176 13 1124
42 59 42579 92 4297
49 58 11653 9 5905
60 56 27946 52 22390
1 36 5960 56 4251
44 51 14877 6 5453
55 10 35413 40 10917
2 48 39900 60 11850
27 44 6822 79 6710
47 45 4304 55 4083
56 63 19521 55 1363
16 40 4858 66 698
39 76 38553 92 12949
20 32 9389 28 8037
34 65 41397 27 27527
71 3 32920 10 29137
64 56 49046 43 8649
28 53 41702 43 36201
45 20 45070 19 36048
29 64 35410 4 34549
48 2 14293 53 14052
43 1 12648 73 10164
52 66 19359 91 8986
27 17 41811 78 37279
14 18 42699 8 15673
36 23 47510 79 2256
61 22 40459 57 26165
49 11 12759 15 7365
23 18 19893 15 6311
41 51 16025 50 3551
1 50 7545 65 1761
54 72 23893 55 20412
41 44 43820 85 5297
56 12 20571 26 13796
17 46 18995 94 12901
24 54 16857 56 3196
11 52 42090 24 39107
21 58 8292 41 2656
32 7 13078 98 6820
34 65 7420 39 3802
24 56 5876 66 850
5 2 11548 36 4585
54 68 12306 52 6954
69 63 2916 95 2089
24 59 34939 13 7907
41 36 7872 29 6699
44 25 29357 85 4088
12 74 49710 98 24029
41 59 3619 77 1822
75 36 6850 86 1988
46 42 36347 26 6131
28 12 32233 92 22176
20 42 10442 69 6182
54 21 19931 41 12708
8 38 17558 65 7847
23 10 1095 87 1017
16 45 4807 89 3047
4 44 41519 85 19220
30 71 3216 47 890
40 52 46636 66 45410
7 64 6807 11 4976
41 56 17704 57 2308
21 43 40602 6 14847
29 20 34848 42 10534
23 56 2758 75 1278
69 40 1915 56 1525
32 63 32157 27 23496
46 24 21204 30 3018
2 64 24186 1 22295
56 18 29931 3 10154
33 7 15381 64 2500
77 78 12780 56 3647
32 21 28710 32 4702
60 69 22116 8 16020
75 31 5608 48 2687
23 4 5751 49 1436
77 45 41417 79 1075
65 27 48976 84 17093
21 79 24084 19 18343
23 67 34306 4 13415
39 70 32537 14 31078
13 78 11297 60 970
71 67 37422 90 20427
70 14 22556 41 5266
45 23 42178 32 27104
12 34 26657 80 7871
33 37 37248 66 18346
47 36 41702 36 27552
68 49 1966 83 864
77 22 36783 63 11212
66 60 281 44 253
5 29 15514 40 5799
12 79 851 36 807
72 31 10283 73 3488
48 40 38153 41 34935
32 57 49411 18 1443
35 79 6072 30 5860
71 9 25749 56 21353
23 54 31990 91 13586
25 20 48755 77 6082
5 10 27705 31 15604
22 65 25845 98 21741
47 59 6803 47 2946
40 19 33050 47 12491
77 39 28218 69 19973
62 63 562 63 219
29 65 42874 59 40011
47 12 27496 89 12055
58 62 14652 45 12829
51 60 19342 96 17567
76 73 6237 74 1162
49 70 15539 3 13966
12 20 32848 68 18140
76 33 45277 98 42723
74 63 10394 48 2506
52 17 45752 47 18650
55 32 31384 11 27674
24 23 27307 44 21291
78 21 46262 75 11255
64 32 24626 17 6464
50 26 8119 100 51
15 45 20784 91 9443
16 47 2101 36 98
27 19 28568 37 37
46 8 4559 78 2946
58 51 830 70 401
72 22 30756 45 11102
1 66 8482 20 2405
74 53 29724 54 20835
56 79 19669 99 13708
35 10 16511 69 12993
16 53 6407 58 2374
74 9 39838 83 39726
25 6 37857 79 28476
43 25 7205 36 4282
59 73 30728 1 590
73 48 36769 82 491
2 53 33958 19 31728
10 11 17787 18 17440
37 22 27640 27 5796
27 32 4515 38 1068
15 8 6368 86 3232
4 58 11215 65 363
17 40 18235 17 6487
77 76 47772 97 39925
71 49 68 87 34
13 65 49955 51 31252
33 20 12246 71 12186
59 38 10989 1 10461
43 58 25119 20 11602
22 7 11707 84 9025
17 41 14146 31 8
14 5 6890 36 372
3 56 12875 72 9379
19 70 41791 42 7617
29 46 50073 6 17923
25 73 44023 46 9982
68 33 21195 13 1977
34 16 47708 83 33844
66 12 4167 62 3935
53 20 18316 28 13147
40 18 35569 86 15742
58 75 12988 16 7862
58 69 43954 88 15266
55 70 45495 75 41413
69 56 41299 5 18257
46 79 20680 95 8303
74 72 32533 59 15667
46 11 43632 51 13803
65 33 40547 73 18409
53 73 45552 75 21113
7 66 47859 31 7804
13 32 39958 22 8492
12 48 29351 75 21419
31 53 45481 66 12957
53 48 13839 50 9583
18 3 17196 52 792
57 72 40853 90 6878
50 9 431 92 139
26 31 46871 2 37793
37 69 36276 49 28926
54 65 23128 23 22719
79 66 17095 10 4117
29 33 17142 1 4023
22 45 11517 33 9087
73 62 47523 29 11468
42 65 39890 84 25754
76 17 41210 95 37568
75 67 34355 80 26903
4 49 11651 21 3759
10 38 46600 19 4007
13 48 6106 76 5924
39 53 9666 54 607
24 46 31497 94 18066
13 31 37058 24 28680
77 64 15800 46 642
13 71 50137 70 40020
71 52 34899 44 21927
75 59 39662 62 9580
34 38 45137 12 1548
29 30 49612 30 41459
51 41 31282 39 3282
43 68 39021 60 32833
10 53 12135 21 1800
49 35 44723 33 29983
73 7 2783 72 2054
27 8 5442 54 5348
59 72 4257 21 1076
15 55 23242 24 19080
7 31 43825 62 12441
62 56 27418 97 7061
31 78 38728 5 16726
21 31 41253 86 993
70 74 7774 41 4798
14 7 11450 62 1583
78 54 16683 70 4038
55 75 17199 4 15424
15 4 26632 23 1636
14 19 32600 99 25471
64 79 45202 21 5474
74 37 3998 99 403
78 66 32177 40 18289
25 35 21212 65 20006
37 15 43885 86 10008
49 68 49604 9 10624
73 17 1052 34 132
26 3 37675 59 3865
9 18 16296 33 5579
70 42 5752 5 3845
59 19 1448 66 840
26 2 33773 26 32449
60 35 40584 84 17728
48 23 1366 36 1130
59 15 29183 30 5605
10 12 5915 96 1569
57 64 6497 14 1496
74 13 43691 81 21417
47 3 26015 24 13557
71 62 17384 93 16605
44 13 33069 70 2421
8 43 34906 89 5006
37 71 16150 86 8630
54 52 10178 71 5438
35 17 7658 93 2148
73 24 18105 21 13081
68 25 36658 14 32634
5 10 2976 97 1521
35 42 20528 75 1701
45 57 29758 86 12156
35 79 40579 70 24415
73 49 37711 71 24642
19 53 11020 7 9887
58 32 322 45 216
30 40 467 17 312
49 56 12787 75 12710
28 25 35306 32 31223
38 37 31334 26 25039
6 41 24609 98 13889
26 50 34819 99 25237
9 14 10804 87 3855
61 59 31736 98 7081
50 76 11837 48 1808
26 77 3037 2 3036
2 17 24713 3 13595
79 73 9026 38 2375
59 29 42032 96 5243
69 73 24339 69 5164
26 2 10901 89 669
15 3 1849 23 91
47 26 16741 7 12798
44 42 32023 22 9778
4 70 22775 22 13918
68 22 26379 76 11275
46 55 43386 18 36273
19 12 7606 24 7600
55 27 30885 88 25127
39 8 15029 30 11453
29 10 13830 59 7730
1 15 26624 67 20714
50 13 41392 90 22082
76 22 25068 94 2963
48 37 22398 63 18793
34 45 18506 93 8262
32 67 33888 25 10081
47 55 43715 74 25362
8 11 48527 40 26071
44 42 36341 58 9132
72 71 41466 91 20259
77 20 32164 80 25248
62 42 35495 50 6317
67 17 12149 2 8065
69 53 32731 20 8596
66 20 41604 34 954
56 62 843 68 666
71 73 29844 17 23674
62 14 38509 64 28857
33 79 12564 24 3306
33 3 12104 68 11525
36 25 14819 70 8906
77 70 33279 67 13043
28 22 13270 40 5673
60 62 40548 25 36681
37 14 13089 60 12127
16 71 45647 29 22487
14 2 45877 41 34822
24 17 11325 40 3531
17 34 30267 34 11722
13 7 21067 44 9159
55 27 10645 78 3681
11 17 24381 77 8581
69 67 12760 42 11097
72 48 3134 25 582
1 41 47496 15 38920
75 38 15917 35 8024
18 67 5552 48 3677
31 11 15420 59 7199
44 67 44591 71 26822
46 65 20004 23 134
61 47 17681 64 7054
25 36 43652 52 1002
56 61 9748 41 9223
77 75 42627 1 9235
72 54 13776 79 13109
47 23 33143 33 16364
20 33 20790 61 4718
43 78 31059 52 24815
75 43 36264 92 15247
1 70 41489 47 14932
11 49 20595 54 12223
51 41 15208 35 6114
79 11 31368 32 10743
76 39 45156 55 34315
9 70 23519 6 8997
45 65 9289 100 1724
67 29 31885 49 25162
5 33 10019 44 6708
71 35 2641 91 1870
10 60 1180 25 1017
78 51 47250 48 5054
59 30 21465 1 5184
28 71 37844 76 34645
25 20 37261 58 9292
58 61 32022 49 23403
33 7 24144 44 3537
20 73 32758 49 18865
63 60 44813 69 42932
14 75 12816 30 1994
1 32 4880 49 4288
39 58 8239 24 2445
72 55 4280 67 793
79 10 43365 91 6341
9 39 3417 31 2899
25 4 48571 97 31511
5 32 33567 10 21721
22 51 4365 33 1301
72 43 37709 55 13631
66 72 4180 7 149
31 26 10582 14 7589
76 40 28941 11 18855
15 53 18647 83 4783
59 61 14908 65 4217
60 42 30406 94 14154
53 49 26031 7 7222
42 77 41668 28 29795
15 32 32478 24 26233
52 12 49942 42 16060
64 32 37317 62 28116
20 25 10157 30 10000
20 57 31359 43 24116
53 16 8640 43 8585
57 37 30476 76 30013
38 2 6404 13 6312
35 77 16073 78 4274
65 63 29433 37 10850
1 25 20790 71 10845
73 50 31699 47 15837
21 69 45027 44 44341
18 24 28225 32 9059
58 49 13619 88 8713
72 49 10951 64 5846
74 17 26308 51 15709
21 15 28562 47 8908
30 36 6652 28 3102
26 49 33151 15 29471
56 17 11447 21 1140
59 32 49135 12 32566
34 36 48378 56 11857
24 76 10493 38 3497
24 60 15103 11 9185
34 48 48657 91 9096
28 72 9870 77 4790
18 6 30105 86 8660
67 14 10714 92 6036
56 43 43786 22 31586
78 57 37336 70 33513
17 19 21981 22 19384
59 24 36785 6 9497
68 6 49805 87 25253
78 4 23979 11 17656
13 30 29115 31 14631
62 63 33195 14 18275
66 79 3060 71 2791
59 48 38895 20 17122
54 53 41898 73 22183
32 67 16931 5 2666
4 61 49407 49 27894
65 55 48108 12 26696
5 39 15035 37 10380
2 66 15159 90 4169
62 74 34741 56 2582
67 66 25094 62 15812
62 48 3713 74 3603
40 61 46535 74 42736
53 57 12428 2 4270
46 31 31031 70 3328
52 59 18861 5 15336
70 71 49102 73 7083
66 62 35526 88 5810
66 2 15707 54 10284
49 52 17195 84 13103
68 65 30106 75 25270
44 49 1797 20 184
62 66 46597 88 31306
63 21 31300 31 24380
77 41 4115 71 2783
73 23 13461 84 1431
39 49 12962 5 10664
66 75 29179 17 4857
49 6 31687 94 31486
12 79 11240 85 9057
68 3 42662 29 9865
57 1 20882 36 251
52 21 16478 17 8798
62 16 48325 34 1116
5 51 41376 65 15538
76 18 30304 35 4895
21 69 33692 70 8105
42 10 36404 57 30146
42 69 690 99 529
38 75 28587 89 11113
5 56 37187 89 6285
74 59 10960 9 7221
57 49 40045 31 21999
47 44 41090 42 5723
60 29 9808 68 7474
42 43 28059 37 22519
4 41 28260 59 28152
75 8 28983 84 14927
69 14 35861 76 31555
59 31 49399 94 17987
21 57 17807 31 15981
53 42 11159 34 5803
7 30 13115 99 6463
53 71 25683 66 9691
76 28 36458 46 33228
7 21 15657 78 5449
69 64 11798 79 7852
67 17 11963 70 8251
62 68 13918 62 1415
65 30 26827 68 18224
51 39 22282 27 16176
16 50 17272 71 14690
20 9 35648 59 16902
51 76 32577 25 5345
22 58 6937 12 693
65 35 9383 67 5727
16 75 5739 68 2093
59 5 49218 85 33441
31 48 4899 44 646
38 22 29952 74 23602
39 14 36739 76 23117
64 33 33967 58 23763
28 13 32780 73 9879
37 54 46792 6 28196
40 62 32187 4 31018
65 30 11914 90 6551
33 78 46260 35 30795
36 12 17223 39 15946
12 56 4024 68 2836
25 5 26629 17 16480
2 49 12652 73 1154
65 22 37907 39 1685
28 31 18350 90 7069
29 71 33867 27 25978
74 48 31751 88 12827
37 40 7318 11 5859
27 38 11531 56 9679
40 32 27178 67 22188
36 23 39331 86 15287
42 36 9842 14 3854
9 6 19451 31 17617
47 64 19519 58 2765
74 23 12493 92 11781
69 39 5935 91 5035
23 73 34701 69 12010
44 10 32770 4 10498
8 61 7076 34 2886
54 11 48558 54 24178
33 55 31735 26 8189
7 39 43663 56 30749
47 25 27233 26 12378
30 40 30117 85 25746
72 12 34929 96 23468
2 46 26966 64 11370
40 65 40245 41 38657
7 32 9235 59 8148
55 11 13438 35 3485
10 61 40696 52 7338
47 57 35514 65 34320
46 23 14567 99 9841
68 35 29002 83 11018
25 15 12473 27 4577
46 19 41722 53 18546
33 54 19751 64 17822
17 34 48842 63 29926
7 37 26810 92 15162
61 28 28371 22 13316
42 29 21377 62 570
31 20 37219 27 8878
34 47 1014 80 819
67 29 46941 97 17808
44 3 39605 61 986
17 55 23838 74 21667
17 20 10995 56 10856
55 14 46697 78 19927
47 79 36 91 20
17 77 8769 75 4235
8 77 14495 74 7699
66 45 7464 63 2437
5 12 19109 72 2058
21 43 29274 68 15772
75 73 16039 33 6596
48 62 12164 34 3051
31 37 7843 57 7268
59 47 1155 89 504
55 70 24548 34 24390
65 28 48730 99 28106
28 48 30314 91 27307
75 47 48606 35 12168
30 7 46395 82 33819
17 10 19621 69 8290
4 46 6231 17 5673
29 65 27036 32 13728
49 12 15584 46 5621
50 21 43140 27 31335
53 35 25537 56 18816
63 37 21185 1 13201
62 79 40041 33 38106
53 47 25637 79 26
10 24 5507 61 41
52 60 40217 21 11526
68 19 8982 52 1462
73 63 44848 24 3687
1 11 2739 28 757
31 40 332 85 90
51 21 605 80 466
45 34 4276 27 155
60 47 19284 77 424
17 5 6958 76 4128
18 23 17365 47 10819
53 25 15684 71 9166
3 53 46392 4 36123
60 70 43984 34 1622
5 67 19334 68 17866
15 59 25993 50 15747
75 19 31719 30 8903
6 35 24786 3 3628
22 9 5283 3 2006
4 49 13667 87 5409
28 45 39443 59 4706
24 43 3989 75 922
66 26 21124 51 21075
57 71 17875 80 3559
33 67 21406 26 20926
53 78 6796 70 4831
11 10 20111 37 10347
19 77 5632 87 3188
46 77 17077 69 14703
32 29 33301 47 24567
49 41 40514 83 21450
14 56 2554 2 2369
32 5 14958 61 8419
25 56 4613 37 2809
31 75 36963 11 9495
33 40 49671 55 28312
78 71 33782 82 26853
57 61 27623 38 7745
2 75 25215 57 18417
75 11 25966 97 186
19 68 15885 89 12546
73 53 20663 8 3491
18 76 8388 36 5605
1 40 41357 10 7775
30 4 5783 51 5746
7 23 43500 3 39889
7 32 876 14 353
8 13 22751 33 7681
16 51 4003 100 978
47 31 12344 3 6777
43 39 34810 29 15137
4 78 6368 10 2023
57 5 42356 94 42055
1 48 1380 59 442
28 18 35296 35 4628
25 53 12502 33 9550
60 30 11315 19 3578
58 47 26378 49 13011
36 15 7390 70 6042
18 67 3306 62 300
49 76 15910 25 13650
29 65 15313 53 13359
34 73 6297 40 4115
77 75 46255 86 42525
46 39 26274 40 11689
46 33 34148 83 28605
48 79 38268 69 2993
40 39 6892 20 5510
15 23 5396 27 3591
32 62 39879 18 18328
19 65 4540 55 3097
34 11 36540 20 28340
51 39 35179 63 20365
36 9 15002 2 8814
4 62 40233 41 18127
37 55 30175 85 24128
37 64 18264 80 7811
68 64 49210 55 3347
23 35 13251 74 3251
36 33 37044 88 10514
28 73 26139 85 9832
16 33 3386 89 1166
56 43 29589 95 24787
24 43 19975 40 6790
68 16 4214 45 1137
29 17 21742 88 20631
37 75 619 89 187
23 5 43079 29 7597
73 13 37794 91 1044
7 39 41505 65 23392
42 68 31461 87 5480
75 58 23847 74 3010
32 29 7809 23 547
24 13 33353 32 3748
17 25 25603 49 11952
27 2 49631 50 21703
22 2 48566 97 38111
17 33 25261 15 15492
63 31 30946 100 23648
59 4 15852 1 3232
61 53 8544 80 4341
63 9 41719 41 41115
30 42 44671 23 38969
31 76 26635 45 9079
60 54 27560 54 2828
52 79 33745 94 28962
32 40 44235 64 19657
29 27 32771 33 23100
7 64 1495 93 1388
63 55 42972 18 11674
18 26 49090 60 21524
66 28 28492 54 23353
67 66 35019 26 14651
3 20 4821 13 3397
49 31 15539 78 14008
21 50 930 72 310
39 29 32464 92 22698
35 53 6742 6 3519
67 60 5718 44 4938
43 19 23595 28 4133
60 2 31902 88 9307
15 62 47785 78 37717
65 6 37277 99 9265
73 65 23367 36 21699
59 2 32629 21 14324
36 29 27402 33 26131
42 58 8772 65 5624
44 60 949 33 390
35 18 24178 69 24133
6 77 16939 36 5976
2 54 4982 57 3001
28 6 906 56 581
35 47 10831 13 9790
29 15 46504 17 1292
5 32 33184 26 21361
11 29 17767 17 15794
78 8 27877 12 10172
50 62 44092 21 39905
15 47 9887 49 389
59 64 4165 58 2492
59 41 27603 89 23104
32 2 40441 74 17580
5 63 24446 52 17949
18 62 29805 61 18551
29 30 33914 32 6463
41 40 4783 1 4500
41 18 34873 29 14039
36 21 43517 34 16021
52 62 22138 45 20888
7 50 16105 78 3610
59 65 35267 47 34292
34 7 38381 88 37216
42 1 5169 88 4406
23 9 24955 78 22804
40 41 33455 65 21558
79 10 5494 44 5460
48 34 19131 35 11625
67 65 28972 27 4935
1 32 2562 24 1524
16 53 40594 79 18293
4 47 17724 81 15989
78 21 14784 76 4837
72 43 30120 17 3651
79 64 25472 13 4384
40 31 10441 52 5715
53 57 27069 39 23543
9 14 28013 8 2481
24 21 19134 95 1467
42 39 19826 29 2414
17 1 44917 15 14555
58 47 38350 46 19555
38 71 17742 30 4120
3 16 40835 83 10927
45 25 5205 81 1843
73 10 49943 100 32883
67 5 14884 16 13062
75 53 13707 70 10770
27 3 29339 60 18082
5 2 1955 98 301
10 49 26358 73 5399
37 76 33969 54 19789
12 7 43500 20 11007
1 5 30599 22 9848
32 58 12693 41 5455
8 77 26089 76 2205
35 39 11151 88 3962
65 35 33529 51 16386
9 73 39707 25 15723
29 58 19889 80 13438
52 58 42292 94 39498
55 21 24908 91 6964
58 52 7405 14 3651
48 51 23368 17 6371
69 61 33949 7 33799
15 68 2207 9 1606
62 2 18877 48 17236
23 59 29695 80 25152
69 16 5664 27 4724
30 72 34163 96 7231
46 28 33480 56 24918
63 42 49171 50 23122
17 73 13360 61 10103
47 22 28903 31 7012
55 78 38297 47 34045
57 28 16503 4 426
76 42 1375 46 937
18 32 48378 45 4604
1 20 43547 48 41191
56 30 22972 75 5972
8 30 39571 40 16987
52 20 21478 98 13454
31 16 47613 22 24073
73 40 13421 67 4735
1 48 9907 3 5252
59 44 36730 58 25325
21 60 48632 81 44324
65 38 3732 67 3379
77 67 43283 78 15576
37 72 17125 85 10362
67 1 42728 13 10738
61 58 24443 28 22482
32 9 18756 40 10362
4 26 37199 87 23627
21 13 20131 51 12747
6 76 15678 65 1671
56 55 23876 9 9625
9 40 17197 44 6832
54 37 49912 73 3341
46 45 869 5 822
31 59 22231 61 11238
1 29 17668 21 848
20 79 46293 60 15544
73 66 34511 3 20423
40 43 48531 99 33455
76 42 24929 86 548
41 18 7644 41 7347
19 18 5043 100 4187
43 62 18342 10 11847
68 47 220 20 122
65 28 17037 37 3444
33 24 46924 77 39672
56 76 11402 48 8778
74 65 10188 54 4881
24 1 42262 53 20014
15 46 34053 75 30420
62 40 39618 6 26845
73 61 12999 39 7596
76 69 40573 22 36113
45 51 15790 68 4189
57 66 2500 91 820
51 15 40334 6 15418
74 9 20577 38 14743
58 55 36058 81 28837
64 52 24391 46 19743
7 22 5833 40 2641
28 2 26363 35 605
38 35 2134 30 1173
76 48 32914 35 17263
75 20 28118 90 26274
9 30 39727 77 36484
22 59 9890 7 8454
47 51 44236 100 21825
67 74 42793 40 36952
41 74 4783 67 247
55 15 34750 88 23697
14 20 23342 17 23136
42 41 1210 32 985
60 17 4309 31 1102
6 36 13090 54 9110
5 59 11119 70 6719
57 5 27675 38 26492
8 34 48861 33 38872
67 51 49749 89 2601
54 41 40701 84 889
12 4 1826 100 597
31 51 5569 68 468
42 39 44478 30 40796
18 54 35262 93 15209
64 23 17469 4 8611
15 58 19930 94 18947
48 24 17385 92 17378
65 40 13142 84 11778
40 35 42375 27 35947
41 23 31397 99 5697
33 42 4978 25 2063
72 64 32238 58 13457
42 10 18685 57 8580
31 11 50100 21 37124
42 33 28062 77 725
63 35 1637 20 1465
51 78 44527 86 9200
71 32 1809 34 1476
46 79 37343 91 33071
46 36 3536 45 2169
19 36 11575 37 327
49 24 29904 36 27746
42 3 30415 93 27195
15 55 28515 45 14901
72 79 33581 40 8536
76 54 10603 78 1321
25 72 6881 68 3157
3 21 29391 5 15644
4 6 27886 10 21995
50 14 40125 41 27340
1 69 2460 87 880
76 1 36017 56 20323
53 40 45072 60 19824
74 13 20840 47 6844
52 68 8745 52 3391
25 14 47798 66 36270
19 35 50121 3 28582
26 78 5567 82 4651
45 63 46192 59 30371
54 39 48950 72 23459
79 6 29005 73 21686
18 57 24633 92 24455
22 13 15103 86 11332
53 71 28137 100 23691
53 3 2410 26 724
54 73 47114 66 26029
39 50 30455 85 12687
25 47 20607 100 17035
60 22 29775 79 25714
38 61 16292 69 2858
74 49 43318 79 536
46 13 2431 99 805
15 46 31776 48 22350
17 79 32591 84 21775
41 46 8770 88 7296
39 29 41542 56 6055
52 12 45948 28 21318
71 11 35584 88 30543
67 21 25100 86 10787
66 12 7388 43 1176
25 3 23780 55 18059
15 32 8171 50 1796
43 66 7623 27 506
9 66 36057 3 29613
43 20 40325 59 30300
58 55 23081 86 2579
26 47 46463 26 357
5 59 33817 3 3764
76 50 4920 73 3026
24 21 24328 4 23397
55 73 12976 1 5651
24 38 36281 53 10954
6 26 19085 15 16813
16 75 13761 17 9068
23 33 30250 77 1389
35 34 10734 36 3636
20 41 18132 6 1214
57 4 49371 60 10062
14 62 20107 83 13563
26 9 37428 44 34845
39 11 17586 48 7576
48 67 41703 57 32459
79 59 29928 4 26900
46 45 10114 16 9485
45 60 10619 2 1657
53 31 20431 42 16534
60 36 27724 97 26646
14 51 47137 35 14687
65 73 32329 40 13783
52 35 40419 13 3517
1 9 5620 11 2922
33 18 34707 39 13496
25 59 4588 45 2853
15 7 10826 91 4827
16 36 6068 66 2711
67 41 1863 98 163
65 56 38744 88 16628
45 79 28148 86 16030
18 66 48977 45 22289
79 17 13826 33 10621
30 47 29285 16 24470
18 20 41053 61 31929
68 78 15602 91 1421
76 75 42666 72 14265
53 7 15509 85 8734
18 46 1494 52 1256
38 22 18064 14 2867
58 40 23895 30 7250
54 12 13907 72 1884
14 36 36044 33 13184
51 68 17250 36 1922
10 65 27847 76 11190
58 19 33595 71 2830
18 11 3540 98 2984
28 14 45258 26 39616
55 79 35022 83 25237
21 25 22080 68 13020
52 51 17045 46 286
25 21 46444 22 43921
57 40 13950 10 2330
12 55 34086 37 17532
72 62 15670 49 12017
67 14 14969 97 2514
12 24 14638 83 7715
24 9 12503 67 9951
76 62 17530 66 12571
42 8 47550 100 10127
23 10 28795 17 12213
22 25 13691 55 8363
1 68 46917 74 12261
11 30 13135 72 12136
62 58 3698 84 1763
20 27 31565 41 2687
13 14 41869 25 39773
36 59 20396 73 11286
8 66 11394 99 8775
48 18 39959 82 26096
65 78 28103 56 17545
31 40 23900 25 17688
5 70 47678 75 6000
23 52 7715 22 6959
61 75 28197 76 20552
35 56 24522 73 22843
33 9 4573 38 96
27 34 41009 55 3145
34 36 45831 32 31465
53 31 8623 24 956
78 29 3642 48 1152
51 39 2889 12 2012
68 46 28280 55 5386
45 55 17431 92 10436
37 3 14555 2 11749
79 77 912 21 362
24 64 26963 93 18614
60 20 4478 41 3869
37 33 47992 93 20234
29 77 3767 20 3127
40 12 46171 81 15212
2 73 24298 88 22142
78 79 42029 20 23184
10 54 27707 9 14498
14 58 47058 7 42775
30 2 9362 19 5368
47 17 5874 64 1557
15 68 7776 55 228
2 55 30048 64 5521
13 54 12110 87 6021
19 74 31881 24 27207
62 48 5430 79 2303
53 67 41240 64 3535
33 55 6615 45 5704
34 45 75 23 1
26 62 6052 85 2968
13 34 40690 60 8650
40 7 16221 46 4757
6 57 20254 83 1742
50 26 46369 99 37966
59 37 29397 50 24195
69 26 42764 55 32176
63 9 46877 64 39211
34 58 43747 92 35110
71 42 26557 36 9148
57 1 15157 92 1683
51 31 17120 87 13189
60 15 29301 98 16465
77 12 31818 13 25479
22 36 48670 36 19167
20 49 20451 25 18631
26 11 28874 89 23139
42 26 14963 8 9385
33 65 18133 98 17953
10 69 14475 76 2172
38 62 23193 86 16515
29 68 48833 79 11413
19 11 50054 96 242
14 63 46459 100 20906
55 5 36345 12 13700
50 4 8890 61 5143
75 51 42527 85 15579
78 22 37882 89 37262
73 72 19311 64 3387
71 25 8459 96 7686
17 27 27993 64 27903
35 14 38422 5 33876
51 20 10299 27 5178
33 5 37772 20 21712
55 12 44250 8 6271
7 1 2702 93 2309
1 7 16743 28 3393
72 22 39547 7 33444
76 18 4826 68 822
54 42 32127 58 14955
2 11 16787 28 8739
41 72 13787 25 925
60 66 48240 92 19306
30 11 2767 67 88
60 31 15876 3 9151
6 29 37294 65 25563
44 48 969 92 3
40 77 19688 36 414
2 16 44178 34 28505
17 52 37317 4 24977
4 78 45635 73 9081
79 4 11143 1 1923
22 59 28587 76 8173
36 45 44853 77 42064
48 58 28045 10 18277
76 49 21015 3 6661
20 70 47628 56 26987
6 76 13716 82 1552
24 69 42188 5 38965
12 24 3771 90 1196
35 55 45822 80 11970
9 26 27931 55 13220
20 55 17906 80 370
79 16 18336 53 11587
57 75 40792 63 30392
78 26 8899 82 3198
35 29 22007 73 1376
72 31 26956 34 24314
46 8 31817 50 2791
24 7 13009 76 8681
41 71 37391 82 12507
64 45 21315 42 18928
46 58 37326 97 13998
11 69 9835 14 2312
36 12 39451 25 8440
50 32 21579 46 16214
35 64 43694 64 25755
26 5 36523 53 24498
53 5 31028 64 10823
9 41 30860 37 28924
50 20 44956 51 33265
66 7 41929 49 23892
26 58 44343 88 2467
9 77 9559 19 7099
28 30 42264 90 33238
69 31 26928 67 28
68 39 20205 82 9415
35 63 6546 77 2604
14 54 6427 34 3539
54 45 20219 59 1619
79 22 27459 50 18209
77 65 49186 50 36099
54 71 35681 30 729
38 44 37073 93 16799
55 41 37148 24 16259
57 24 1678 83 1203
2 13 31363 50 29414
70 49 42725 13 16767
15 52 40565 10 26939
22 29 33853 8 10290
1 67 36915 46 33998
42 64 6741 29 473
49 33 47852 72 413
48 41 36701 19 7300
22 65 34733 36 28436
52 59 3573 90 822
64 72 2574 45 204
72 3 6011 31 5842
44 77 33711 57 6245
6 69 34685 17 23567
1 69 13485 17 8793
31 44 21511 68 12625
60 29 37262 3 9350
70 12 6904 27 5542
29 61 8353 90 6307
25 74 853 13 226
31 55 6021 64 4678
23 64 7715 64 6202
5 46 38168 18 37821
14 71 23713 92 16565
67 29 50120 82 1957
51 45 24988 88 16749
74 27 20897 47 14401
27 8 9 64 6
18 38 49193 2 18173
56 61 18791 96 17778
16 52 18620 57 14483
51 63 12079 51 5053
57 18 26143 1 20554
48 65 27608 79 12548
49 18 44316 33 43880
13 4 12917 33 12002
74 47 42233 47 27383
12 63 14952 26 10628
56 64 49892 44 31443
11 19 11833 93 1081
78 46 49518 27 2918
61 22 11710 7 1503
56 71 22399 10 6692
50 3 23222 90 2067
75 18 18387 77 12227
8 29 6473 29 1872
79 54 28753 62 21802
1 55 32068 19 10346
46 2 45686 54 12899
29 11 35832 84 22252
5 79 43366 89 41120
24 18 17308 31 11256
75 46 23460 46 6885
61 19 4343 31 66
79 49 20359 62 17606
20 32 39632 42 3818
31 27 46096 16 12854
79 15 16466 5 10522
62 61 4458 15 3778
79 10 5767 61 864
28 41 30052 8 16351
7 2 40220 93 18157
64 72 42827 18 36192
24 56 29164 57 13967
18 50 13492 12 7674
52 3 37648 6 9114
5 11 19630 99 1354
28 18 37393 27 7681
18 4 16576 96 4791
42 27 34334 2 13871
47 54 6579 57 3978
52 2 2016 87 545
28 53 26130 65 23960
7 62 21625 84 11249
6 74 43076 97 19574
1 57 382 24 136
43 36 12779 4 11194
31 73 38196 8 32636
22 47 38932 61 26943
25 68 28857 10 28661
75 5 31325 41 7794
52 33 15541 42 7818
68 5 46423 29 4923
52 4 5099 70 3090
15 9 22468 58 13023
41 76 5099 67 2314
15 59 47557 58 1173
8 40 44807 66 34455
10 49 35194 60 10520
39 20 30948 30 9645
61 4 46979 33 9112
30 79 11343 14 914
64 47 43058 93 14678
31 13 16741 31 2469
44 76 5605 75 1425
36 15 32418 32 10767
55 56 46784 40 11615
76 65 30553 99 20031
9 33 8524 37 1759
28 67 49346 77 1423
18 63 11897 18 3084
61 69 41693 13 9051
50 77 35065 36 14378
32 57 27566 58 26570
29 20 3087 19 2150
75 11 27859 56 17936
22 59 28762 55 21933
18 7 15355 65 14795
26 76 3107 13 2680
33 34 40473 79 31072
70 20 23725 85 1739
78 7 11390 40 9490
33 3 9227 21 4691
32 10 3750 85 764
47 52 26995 45 8008
47 76 11519 56 7778
49 33 40451 47 34600
28 64 45812 95 13124
55 37 13069 67 13033
22 14 41312 56 21958
36 55 10772 87 6171
33 66 17598 66 7469
44 32 21213 48 14519
2 3 2928 91 280
13 16 2113 83 606
25 1 13170 19 5816
37 42 46190 74 9740
38 37 37711 59 35207
71 23 45728 77 31020
36 54 10418 52 3007
73 26 49263 2 43083
23 10 40969 32 37116
70 59 13958 85 1992
34 31 24724 40 6744
1 35 20928 45 11874
28 35 47392 82 18295
50 53 14019 15 267
74 37 30083 9 11098
68 54 9891 11 4111
68 20 27844 46 14675
78 41 21051 95 15754
6 12 12362 81 7519
10 36 21011 49 5307
51 43 8536 99 3832
19 57 21415 66 19155
39 35 31528 91 25471
55 46 49748 19 15142
6 15 2926 90 1579
48 52 28371 6 8677
57 21 48304 31 22917
66 17 14244 33 7629
72 57 23232 83 15909
52 31 9226 30 1072
63 76 17743 40 2007
61 51 16839 84 5165
31 42 41666 44 8926
61 1 27273 4 1764
47 6 7398 63 6609
24 23 22834 17 3479
7 2 38703 29 35449
11 49 3496 30 703
40 67 8755 25 8281
35 40 6924 61 2269
18 44 36962 49 23729
24 58 30614 23 7683
78 44 4801 59 81
63 46 23551 18 23000
58 44 40428 28 27715
39 16 9504 90 1272
57 48 20165 91 11466
33 41 24151 87 4662
10 6 42642 58 35153
53 17 22446 33 370
6 17 42214 43 37950
23 6 6871 74 2563
21 69 35067 31 11503
46 8 8614 79 6611
35 30 38439 46 23046
71 32 15933 51 3797
45 21 24391 58 4989
59 33 11485 17 6543
38 4 24441 99 9603
25 75 6646 66 2970
27 51 23177 26 12048
74 35 21770 57 18497
32 14 34515 79 10924
55 74 27212 63 23175
33 55 46123 11 4969
66 28 26598 70 12750
20 67 19132 58 16723
55 12 4441 49 4065
16 11 21406 15 11013
35 50 11797 81 456
16 75 21182 60 6803
